Noise: 0.1
Average time: 25.140811100006104
Average length: 100.0
Average rms: [0.011168208913467101, 0.008495181302586724, 0.006961856491204543, 0.006009568149516543, 0.005411101332205503, 0.005005385695103077, 0.004703521149914166, 0.0044545497641166575, 0.0042333857440700375, 0.004030064266777678, 0.003842013525581397, 0.003668817911837784, 0.0035103164866020498, 0.0033693008357187676, 0.0032446462202667882, 0.0031357545206526106, 0.003040101423240434, 0.0029557764783419978, 0.002879698920179998, 0.0028096601767486286, 0.0027435729096401025, 0.002680079122929859, 0.002618863724414906, 0.0025600882056027547, 0.0025034202983616545, 0.002448572640250804, 0.00239525723406573, 0.002343787161065031, 0.002294246956923198, 0.0022463965885536554, 0.0021999984948299182, 0.00215505127699297, 0.0021120088698782513, 0.002070653926370918, 0.002030967832550577, 0.001993148220915374, 0.001957252539365623, 0.001922883785800828, 0.00189011397674243, 0.0018590443569540883, 0.0018295670431761203, 0.0018015080130386071, 0.001774767060759208, 0.0017495196894553985, 0.0017255149181379418, 0.001702796187644375, 0.0016811715052834331, 0.001660611973757979, 0.0016411287271154006, 0.0016227557254988553, 0.001605376933478862, 0.0015888224934942224, 0.001573067007062925, 0.0015581197651802533, 0.0015439395362939743, 0.0015304796783089823, 0.0015177471140669886, 0.0015056551249255266, 0.0014940637906159582, 0.0014830909441338042, 0.0014725879238725998, 0.0014625675139678619, 0.0014529780122183, 0.0014438949507067033, 0.0014352873476734926, 0.0014270647434812835, 0.0014191894857315378, 0.0014116288559549806, 0.001404441886532452, 0.001397582856691025, 0.0013910475032591246, 0.001384855184310513, 0.001378995352618701, 0.0013734481673800102, 0.001368146258545695, 0.0013631341268756398, 0.0013583544357808524, 0.0013537779830415922, 0.0013494193857492244, 0.0013452489400102086, 0.0013412748159563922, 0.0013374553466765707, 0.0013338019483764927, 0.0013303147055540646, 0.001327007609904763, 0.0013238484237792089, 0.0013208649117047164, 0.0013180274041666503, 0.0013153345556061093, 0.0013127617030693672, 0.0013103320985041384, 0.0013080288206260688, 0.0013058285990956123, 0.0013037126832948554, 0.0013016702697595452, 0.0012997068662372916, 0.0012978267443034643, 0.0012960263423542995, 0.0012942887099144345, 0.0012926197427312969]

Noise: 0.25
Average time: 20.131770849227905
Average length: 100.0
Average rms: [0.010858577438433149, 0.00891559735943732, 0.007701527516822357, 0.006815933986431718, 0.006122655075733892, 0.005564096679943053, 0.005105742523927398, 0.004718559457046972, 0.004384281778986268, 0.004090853748444059, 0.0038320928981194434, 0.0036057271198266876, 0.0034068693800042653, 0.003229736911680448, 0.0030731088053559574, 0.002934404636592927, 0.0028112047022451295, 0.0027008571352691714, 0.0026021875081989835, 0.002513893536022271, 0.002434567291550552, 0.002363955262631477, 0.002300465223418274, 0.00224313422639685, 0.0021913877826078994, 0.0021443091629970673, 0.002101744297833503, 0.0020628711711564614, 0.0020269387809575164, 0.0019934959092021967, 0.001962457628621423, 0.0019338321164763786, 0.0019073543796404551, 0.0018827044719200395, 0.0018597859527720384, 0.001838302864386352, 0.0018180216093753119, 0.0017990645023470263, 0.001781324107208269, 0.0017646630345610162, 0.0017489219768583794, 0.0017339089588538084, 0.0017195167985868847, 0.001705613267691316, 0.0016922593961205463, 0.001679509811838279, 0.0016673015349861866, 0.0016555840968164154, 0.0016443101997973058, 0.0016334237380250746, 0.0016229730758744326, 0.0016129819803816817, 0.0016034151438535657, 0.0015941686653094165, 0.0015852064475103322, 0.0015764631029512204, 0.0015680147344484304, 0.0015598900145465191, 0.001552079595794526, 0.00154452580664416, 0.0015372759257819397, 0.001530226402749737, 0.0015233353808423577, 0.0015166817766212864, 0.0015102957927088916, 0.001504027724293081, 0.0014979122012097365, 0.0014920267364080025, 0.001486367979902088, 0.0014809032188034751, 0.0014755304139828255, 0.0014703135033559513, 0.0014651960861371592, 0.0014602043833987896, 0.0014553381129571053, 0.0014506121254753404, 0.0014459808517022874, 0.0014414395095037268, 0.0014369825475005994, 0.0014326041628299486, 0.0014283278379140778, 0.0014241429225429448, 0.00142008834976526, 0.0014160982323968422, 0.0014121270683779827, 0.0014082707484369614, 0.0014045062241834524, 0.001400797776021999, 0.001397119661000755, 0.0013935739978475298, 0.001390155521217898, 0.001386828878604654, 0.0013836146742845603, 0.0013805038595078136, 0.0013774940088404127, 0.0013745658083725964, 0.0013717082918342912, 0.0013689579261558801, 0.001366270606225066, 0.0013636356590124349]

Noise: 0.5
Average time: 19.767939796447752
Average length: 100.0
Average rms: [0.014535065759896515, 0.011563154803603745, 0.009865717189603544, 0.008737500427748134, 0.007931365427344943, 0.007312508977395302, 0.006812169150500012, 0.00639507011096156, 0.0060377239978419706, 0.005727678942091594, 0.005455461243539636, 0.005215215466221381, 0.005001808958160162, 0.004812850152011688, 0.004644937007302644, 0.004495055572148479, 0.004360483948349073, 0.004239218201325355, 0.004128960696768809, 0.004028475865841374, 0.003935770377650204, 0.0038498255398580193, 0.0037704144176451213, 0.0036964193883951345, 0.0036268285199693717, 0.0035607199126168852, 0.0034983031381088455, 0.0034396975087443355, 0.0033843695894170307, 0.0033320965687108684, 0.0032828742154448376, 0.0032361800127420825, 0.0031922662775977356, 0.0031509274733910546, 0.0031114583764108405, 0.0030737750439567535, 0.0030378949405600974, 0.0030039569052574384, 0.002971477020423074, 0.002940563579495102, 0.002911545662066873, 0.002884229101956759, 0.002858089708312391, 0.002832997160775591, 0.0028092174138029317, 0.002786384187581008, 0.0027644448146579344, 0.002743452059973733, 0.0027231189900450803, 0.002703642198970642, 0.002685014226148401, 0.0026669577534543763, 0.002649573235314439, 0.0026329244116811363, 0.0026169930554167374, 0.0026016490640156727, 0.002586679386414815, 0.002571982963211634, 0.0025577106984708297, 0.002543956460960473, 0.002530441741405676, 0.0025172018432584875, 0.002504204366058392, 0.002491205515427689, 0.002478495353551351, 0.0024660882598970097, 0.0024539636205697384, 0.0024420531708104114, 0.0024302538095864862, 0.002418730936723359, 0.002407471168042888, 0.0023964775380027285, 0.0023858234132455337, 0.0023755152264244646, 0.002365587499545198, 0.0023558710591437683, 0.0023463773198973054, 0.002337059828411239, 0.002328085761165694, 0.002319274017992052, 0.0023105381042791773, 0.0023019985667006356, 0.0022937877331577067, 0.0022858154582001563, 0.0022779417793592992, 0.0022702501358327714, 0.0022627071095008048, 0.002255275856381551, 0.0022479363334389837, 0.002240763760579116, 0.0022337005745292995, 0.0022267740937543207, 0.002220030279137844, 0.002213473154920124, 0.002207121699317108, 0.0022008642631587225, 0.0021947178083556633, 0.0021887219452470874, 0.002182929362869665, 0.0021772023045200438]

Noise: 0.75
Average time: 19.709870319366456
Average length: 100.0
Average rms: [0.04295383250053213, 0.018209851258875573, 0.01419498369585279, 0.01219254985873597, 0.010918160204459395, 0.009983495637158649, 0.009240531738856009, 0.00861953020076199, 0.008085863475603687, 0.007622822599378052, 0.007220748052025545, 0.006869016144965914, 0.006560866614024915, 0.006289372235507699, 0.006049492592448844, 0.005834624843489868, 0.005641524339941351, 0.0054675941942527026, 0.005309910769236127, 0.005165241785597721, 0.005032086098115306, 0.004908720572913849, 0.004794117982569152, 0.004687248371940722, 0.004586979969926868, 0.004492876453919981, 0.004404528921036041, 0.004320397968293452, 0.004239889311789465, 0.0041629415851161785, 0.004090296406061513, 0.004021043330226681, 0.0039545132238462295, 0.003891155952960956, 0.0038307731126722643, 0.0037731870594613797, 0.003718454298394846, 0.0036661764786717257, 0.0036163522048304727, 0.0035690687009156652, 0.0035242219706538907, 0.0034817131476538436, 0.0034414995780757424, 0.003403158187349423, 0.0033664825543886765, 0.003331832196877485, 0.003298961582163402, 0.0032680856121945824, 0.0032388355338002772, 0.0032110661556045807, 0.003184452595329242, 0.0031590964649224774, 0.0031349761151309814, 0.0031121642572787787, 0.0030903843004390944, 0.003069484419631402, 0.0030495495126383492, 0.003030598059232263, 0.0030125637071559772, 0.002995262370416282, 0.0029786807480847092, 0.0029628268685140307, 0.0029477112501507313, 0.002933257096663345, 0.002919427914445509, 0.002906267198892, 0.0028936048713456937, 0.002881435492769317, 0.002869798052439544, 0.00285859055661975, 0.002847749967579678, 0.0028374203969399945, 0.002827416643057932, 0.0028177630191642284, 0.0028084566055971948, 0.002799451579021261, 0.0027907092614649943, 0.002782314444525761, 0.002774168789759518, 0.002766331087034048, 0.0027587493392396993, 0.002751393452331191, 0.002744341641757186, 0.0027376024362707136, 0.002731115226709951, 0.0027248303414669057, 0.002718793177717491, 0.0027129818624230277, 0.002707370626304039, 0.002701850000185817, 0.0026965190775277243, 0.002691341039486079, 0.00268627035513265, 0.0026812764744306556, 0.002676457489707827, 0.0026717216978525914, 0.0026671436812187228, 0.0026626919860948083, 0.0026584568554357717, 0.002654377654121106]

