Noise: 0.1
Average time: 3.2224580669403076
Average length: 100.0
Average rms: [0.014620760876595749, 0.0107824087610996, 0.008723722608678708, 0.007809587674972241, 0.007214309807258967, 0.006638206116861947, 0.006361667199481224, 0.006079836780121941, 0.00592521482076529, 0.005804387479477066, 0.005669533943983538, 0.005510942350892659, 0.0054857636597997065, 0.005260610321139563, 0.005235130768105808, 0.005194501498935462, 0.005163359202663079, 0.005049031338556338, 0.005010848119347989, 0.004966359860166783, 0.004814766810641418, 0.004830152737305399, 0.00478433702959248, 0.004693206302120944, 0.004675329609142438, 0.00462320447491624, 0.004537978412484055, 0.004565095961842767, 0.004659593667701981, 0.00453410067824999, 0.004453624366960534, 0.004524392625830321, 0.004474018799444076, 0.004502139441970258, 0.004557907394830483, 0.004453598900496687, 0.004394172042302347, 0.004450362476918669, 0.004391195450659731, 0.004398935799463869, 0.004351932456562347, 0.004379445436675457, 0.004466912391619835, 0.004431556228977542, 0.004459074022244649, 0.004470766378044721, 0.004384686973776063, 0.004374384303988967, 0.004458587647964819, 0.004399370413430074, 0.0043724079750956865, 0.0043645000938942954, 0.0043620276744773725, 0.004381657825047738, 0.004476100753600226, 0.004470928460009742, 0.00440906795369268, 0.0044088284413984855, 0.004412445688077125, 0.004320966821778233, 0.004490117756827568, 0.004409775367128007, 0.0043521963517341765, 0.00435298819643299, 0.004424749500457692, 0.004314215493390497, 0.004423012147861414, 0.004414660715423233, 0.004415697100715142, 0.004351219377427242, 0.0043283784198772405, 0.00443835506994805, 0.004426357044069876, 0.004375374413320951, 0.004406449682551028, 0.004434531163198251, 0.004336501384921534, 0.0043982138582618555, 0.004370193332771742, 0.004431651594945854, 0.0044735375791795685, 0.00439411209555817, 0.004406570497102131, 0.00436269534599242, 0.004347491849060869, 0.004452746387965922, 0.004391784361977155, 0.0044166608189838965, 0.004424741503148868, 0.004493314176800663, 0.0044303737927872105, 0.004331741688380722, 0.004394985054664075, 0.004432314066884801, 0.004383952769642791, 0.004429277548953866, 0.0043766578597117245, 0.004361277843067684, 0.004438233272367046, 0.004379207595094658]

Noise: 0.25
Average time: 3.4334221649169923
Average length: 100.0
Average rms: [0.01632686753965698, 0.012514844614383031, 0.010093937475004899, 0.008973183090044311, 0.008033390374875223, 0.007335572552255285, 0.007120879516053046, 0.006849891886163393, 0.006477952326578939, 0.0063674461553711115, 0.0061092944133011706, 0.006061734026383931, 0.005870131004534731, 0.005787658604592665, 0.005811653672528009, 0.005685388668275381, 0.005744902202432468, 0.005654324670853166, 0.00559355408021978, 0.005645787021708616, 0.005626271464070267, 0.005600125015240974, 0.005483315614423715, 0.005535590121302056, 0.005490202873064928, 0.005363847780124793, 0.005441877363751783, 0.005345602007153632, 0.005324835005009942, 0.005374149120466421, 0.005296333021285794, 0.005274120499560018, 0.005327234999233996, 0.005274264902272195, 0.005271594863851771, 0.005252830735984487, 0.00522158784784044, 0.005262105938924157, 0.005319403155733169, 0.005223735007589314, 0.005209473382385584, 0.00530407757162092, 0.0052300001504040974, 0.0052059804610476166, 0.005277341557310958, 0.005260448480758415, 0.005281184334851736, 0.005257891634716864, 0.005281423496076022, 0.005245834936461968, 0.005208774521437698, 0.005296575838033416, 0.005212925364883527, 0.005191571889088671, 0.005251968892420915, 0.005246675902872114, 0.005263559746053263, 0.0052414700134857, 0.005133943990580211, 0.005309429459093185, 0.0052584180713420746, 0.005278042286821617, 0.005204586779297904, 0.005126147057993758, 0.005254860733109973, 0.005196383051216217, 0.005153061759002726, 0.005156946280191461, 0.0052403971873465115, 0.005211109618357306, 0.005242722914152418, 0.005246416715167026, 0.00521730398864028, 0.005180221528513262, 0.00525550908435371, 0.005227124937065942, 0.005120494757459764, 0.005151893966987894, 0.00513861701795957, 0.005199387583432434, 0.005221995238248758, 0.005142109653484748, 0.005220421683160284, 0.005240416151506614, 0.005224831063333002, 0.005173034303510583, 0.005228925965074333, 0.0052019096180534775, 0.00522660364236811, 0.005270595484297405, 0.005171762650005467, 0.005211324413872596, 0.005317405459908386, 0.005233053109359912, 0.005099885921768993, 0.005240592833106057, 0.005183108806442453, 0.005167112184944821, 0.005168639337286122, 0.005274792772708473]

Noise: 0.5
Average time: 3.419661045074463
Average length: 100.0
Average rms: [0.022947687588026008, 0.016872698138950034, 0.014117492653042591, 0.011911321796062023, 0.011095682708089829, 0.010150858971319952, 0.009564303830296706, 0.008893328298533232, 0.008578929003310608, 0.00839621897307387, 0.007990709020643598, 0.007852486742322903, 0.007736513987217946, 0.007532352709209754, 0.0073040756652662546, 0.007200215242893949, 0.007076499567133827, 0.006969742965930544, 0.0069288032447734835, 0.0068475102826929925, 0.006753971515357573, 0.006761007110748425, 0.0067093460796035205, 0.006679554499592707, 0.00661976321466381, 0.006560027395638229, 0.006546006130697731, 0.006523967405411019, 0.0065351885027244575, 0.006396417427840034, 0.006459002179559001, 0.006471092288710317, 0.00633636183568692, 0.006428487854744527, 0.006328585878980092, 0.0063832855937343965, 0.006414383122433558, 0.006334370931469936, 0.006376421127813623, 0.006392567068666274, 0.00621659206392641, 0.00633241687612135, 0.006325464646802715, 0.006407572397297068, 0.0063726694719060985, 0.006319304696355652, 0.006189284672112391, 0.006267349986850792, 0.006285671230675182, 0.006274954261294172, 0.006292812568347627, 0.006279621998304722, 0.006288902736909134, 0.006334602490440841, 0.006266756907346276, 0.006217812862969772, 0.006253946752090356, 0.006177155008632022, 0.006315503304045368, 0.006310000422525558, 0.006279847297230515, 0.006331507821925145, 0.006231395525162719, 0.006399076528145967, 0.006257599420698658, 0.0062788168000976275, 0.0062894223575636985, 0.006344674784276943, 0.006295679297982264, 0.006249545670512237, 0.006263202121144702, 0.00638774628803671, 0.006346569687588664, 0.006209776658301306, 0.006319894834711361, 0.006279827363513641, 0.006260871547758545, 0.006200192578250825, 0.006330925825712502, 0.006302068564337399, 0.006276759817117252, 0.0063258401993741276, 0.0063403867767410005, 0.0063016181714681515, 0.006210136946840067, 0.006270760650767393, 0.006221221752691923, 0.006342886015086169, 0.006314090097972144, 0.006289774147360402, 0.0063162100288573705, 0.0063265076394767895, 0.006368466291128401, 0.006265632590316043, 0.0062950416307771696, 0.006322736997712963, 0.006218554280749602, 0.006190044526886564, 0.006253159848990757, 0.006329707666985612]

Noise: 0.75
Average time: 3.6466715431213377
Average length: 100.0
Average rms: [0.05693600134060938, 0.026347772261873507, 0.01960349070763022, 0.016897159561342554, 0.014516874660329526, 0.013286275756825765, 0.012162746626915797, 0.011560276336929933, 0.010919729259007402, 0.010748999573224664, 0.010360376390462339, 0.01000355593530108, 0.009731484075360612, 0.009596480924401357, 0.009564002125658187, 0.009207077692681387, 0.009266799728688395, 0.009172754235415127, 0.008993931035692295, 0.008999920419097815, 0.009108930568079121, 0.008997150403591551, 0.009097259137126282, 0.008880615034948575, 0.008706553406433263, 0.008791386661899608, 0.008785773085263807, 0.008891982743558671, 0.00887227407947088, 0.008801856708384572, 0.008875498434638349, 0.008687030846870579, 0.008638170538592366, 0.00879766403623695, 0.008669432057997702, 0.008672798321999318, 0.008566332047336873, 0.008741820237144253, 0.008664556353376644, 0.008604887782253115, 0.008704541818998417, 0.008613475561845628, 0.008606827665222437, 0.008529375028874743, 0.008366208431412501, 0.008445552099919054, 0.00859763592787537, 0.008422333737165525, 0.0085856275784921, 0.008317889777712265, 0.008294189800024053, 0.008304918218564834, 0.008431200603163198, 0.008202287880302566, 0.008448047114937423, 0.008350986686476897, 0.008306377356873089, 0.008389416523509217, 0.008182926088229726, 0.008275128733756961, 0.008242421571137254, 0.00828084254219858, 0.008178715041192112, 0.00819680861741736, 0.008121703846866737, 0.008218836157550867, 0.008151418689847822, 0.008123341797909779, 0.00824117789606773, 0.008011598173966256, 0.00812883046839779, 0.008036293629276221, 0.008004606623399253, 0.008025093158491352, 0.008030266742281293, 0.00792693622460658, 0.00793766593635619, 0.007977562592651049, 0.007978173957495734, 0.007943535565070856, 0.007911739303731824, 0.007859278038248582, 0.008087452872586009, 0.007980660102053451, 0.00802857632561352, 0.007825037801118831, 0.007806486697726361, 0.007985451262732358, 0.007925554409998887, 0.007962473027824707, 0.007946236992667837, 0.007839113026262829, 0.00785029770038485, 0.007951794135461425, 0.007998136718843907, 0.007786944148075961, 0.007933795241318839, 0.007785495797293557, 0.007870284089825099, 0.007888604937396359]

