Noise: 0.1
Average time: 7.008659133911133
Average length: 99.28
Average rms: [0.01595617541579065, 0.011208581862785167, 0.009383940858407403, 0.008507723550309963, 0.007948423937916744, 0.0075644373175382884, 0.007317276192169777, 0.00711882037794927, 0.006961744491564667, 0.006842855423721868, 0.006756190749626619, 0.006681156849573587, 0.006399575441597153, 0.006031577432923624, 0.005867449875447996, 0.005775815692066085, 0.005592001247295409, 0.005469318451267377, 0.005151501318807428, 0.005058818233632466, 0.004870531069347789, 0.004784642225080726, 0.0047169739665368846, 0.004616068870855636, 0.004311508563848609, 0.004251977363077519, 0.004137087443376305, 0.004088221576755977, 0.004046059699363765, 0.0038718289749271767, 0.0038270905218638508, 0.0037885392924818452, 0.0037554309368967847, 0.00368337903448332, 0.0036586955408061637, 0.0036386363258976324, 0.0036207010368168734, 0.0035148280722522235, 0.003462523939528667, 0.00340706162333588, 0.003391294757201464, 0.0033298752790830626, 0.0032814771811537106, 0.0032177495900917413, 0.003205020753627205, 0.0030534386960688925, 0.00293428724295152, 0.0028774596580633167, 0.002832441672419847, 0.0028243071027923804, 0.0027784202880350123, 0.002587642264255383, 0.0025645609380140553, 0.002484844110857593, 0.002478766146387538, 0.0023974211764295345, 0.002361333327654877, 0.0023149683275523894, 0.0022652572221678103, 0.002261025760272066, 0.0022573716302996365, 0.002172289297427459, 0.0021686899189901966, 0.0021654794122123507, 0.0021038263885880693, 0.002088015805917273, 0.0020542138345273696, 0.0020271947372146274, 0.001996688594362637, 0.001966538534958202, 0.0018686476263922627, 0.0018401483745042412, 0.001810706616478437, 0.0017790823366760284, 0.0017776185685366994, 0.0017476456902565712, 0.0017462760925773845, 0.0017151512227333466, 0.0017047267882068758, 0.0017036817374357755, 0.0016868672376089428, 0.0016859997414687142, 0.001668340100529467, 0.0016376712779883054, 0.001587182353476916, 0.001541882241811816, 0.0015225272534539103, 0.0014581128659516692, 0.0014571737070648027, 0.00143771811517296, 0.0014219252782285505, 0.0014213261462418531, 0.0014224841255783942, 0.0014187819334680366, 0.001418375003611386, 0.0014180304916386875, 0.0014026543441546344, 0.0013631054407593566, 0.001362589662696141, 0.0013448850143613128]

Noise: 0.25
Average time: 4.160396423339844
Average length: 100.0
Average rms: [0.01763252446327044, 0.012952976586665593, 0.010904740363526115, 0.00976321465983888, 0.009091248961090856, 0.0086717068065793, 0.00835681504978774, 0.008105345173288507, 0.007930867393678187, 0.007747406062412274, 0.0076128385659742235, 0.007490505351600844, 0.006969998436407364, 0.006734584378871244, 0.006560259119688887, 0.0062357580120726095, 0.005936469429884557, 0.005758817561905855, 0.005562881511308964, 0.00538846125360499, 0.005174089282353979, 0.005106922261026606, 0.004975492630107997, 0.004915816181967818, 0.004868520100562253, 0.004792266949750544, 0.004740929179820761, 0.004692142861924008, 0.00459892737522968, 0.0045578548656075146, 0.004414708166906104, 0.004385492560000215, 0.004305516417757339, 0.0042834123128339206, 0.0042010292082655465, 0.003974018198492971, 0.0039525264037670056, 0.003934137704077207, 0.003918620039546698, 0.0038618042275416283, 0.003695426187736124, 0.003638590313267524, 0.003569004721629602, 0.003556039800241394, 0.003499377091835932, 0.003484027223450868, 0.0034718610174162036, 0.0033452702345017453, 0.003289339080816372, 0.0032313898055772333, 0.0032216719466013994, 0.0031565900111698905, 0.0030955978590307396, 0.0030361598383603413, 0.003028234833568147, 0.0029418525309953913, 0.0028830610617273135, 0.0028384221427101785, 0.0027766173577374407, 0.002770674534639927, 0.002765468410051141, 0.0027606511681216948, 0.0027202484216920747, 0.0026764344459055903, 0.0026729590413798947, 0.0026284747946243798, 0.002589098332710912, 0.002552816375217981, 0.002511830854480079, 0.002509094924757762, 0.002506591089941628, 0.002504466457979814, 0.002502525480329526, 0.0024300290442665798, 0.002345126585629252, 0.0023430623389257828, 0.002269218742183173, 0.0022289954391741026, 0.0022269377734104308, 0.0020426414700350183, 0.0020405627663374845, 0.0020028897713013152, 0.001978966874576991, 0.001977154115634565, 0.001975574333454185, 0.001974217812549353, 0.0019729576563653566, 0.0019717447269033627, 0.0019705703333351265, 0.0019695074994746024, 0.0019684816522119, 0.00193333683853875, 0.001908687530391843, 0.0019077810490778543, 0.001866531777798392, 0.0018426276205713232, 0.0018418741050858388, 0.001794241333749166, 0.0017278936460640207, 0.001655212077271596]

Noise: 0.5
Average time: 3.5455229091644287
Average length: 100.0
Average rms: [0.0256654454086366, 0.0173480941511619, 0.014612894573300197, 0.01294401189576441, 0.011889977592104401, 0.01121550693114023, 0.010773536226457355, 0.010474444967324532, 0.010234385847767154, 0.0100222965733824, 0.009657289885379755, 0.009407941803374413, 0.009085724677172398, 0.008858728717316591, 0.00854530221989118, 0.008442494771659046, 0.008120642678218985, 0.007900967166601705, 0.007788556658637317, 0.007290770754238387, 0.007187502281875058, 0.006876412997748226, 0.006700003294196954, 0.006375012034871239, 0.006213223308510576, 0.0061501669954049975, 0.0060970734879534335, 0.0060495199754197196, 0.00591673879113052, 0.00573035070099572, 0.005652093884658971, 0.005547338844664514, 0.005448863032110686, 0.0054155549329661275, 0.005385892625706689, 0.005284740257745103, 0.005207411988816519, 0.005070576647668259, 0.004970637133740151, 0.004952152010823628, 0.0048116184478946885, 0.004729491363859998, 0.004657656102422086, 0.004582092947194224, 0.00442443574006739, 0.004342910159552049, 0.004238836510006211, 0.0041404691386608735, 0.004008519170343597, 0.003946288181729715, 0.003931489896300596, 0.003918820158790145, 0.003907604878647399, 0.003896834746188552, 0.0038873825388647905, 0.003878438191527811, 0.0038279216579987048, 0.00381970451042924, 0.003700922509720761, 0.003641798377578066, 0.003528437845563023, 0.0035205492063172025, 0.0034081109069086595, 0.0033996839088708277, 0.0033922394579118677, 0.003385695320878791, 0.0033076478092972706, 0.0033001560014461334, 0.003291454454840426, 0.0032830035850219636, 0.0032751321508236856, 0.003268220936202302, 0.0032119130449595086, 0.0032061159086383332, 0.003201170923615759, 0.0031687655813372978, 0.003115905444346095, 0.00306619359141677, 0.003062171689072428, 0.0030118705608513955, 0.0030073723731260317, 0.0029535449719071444, 0.0029024411335895144, 0.002855289360643908, 0.002739164154587101, 0.0027342167720388884, 0.002637927128813775, 0.002633767957274883, 0.0026299957984303067, 0.0026262944248767826, 0.002622728112138331, 0.002619428599564282, 0.0026165552529055507, 0.002585805604620007, 0.0025525074712929243, 0.002549734184414535, 0.0025472174207028823, 0.002512742841059583, 0.002510448021880654, 0.002465664409363528]

Noise: 0.75
Average time: 4.159836349487304
Average length: 100.0
Average rms: [0.06148555215754119, 0.026577204369488273, 0.021325243047163687, 0.018531937341425588, 0.01675313533542841, 0.015500940959966594, 0.014556286740084658, 0.013938234310273538, 0.013498316955645533, 0.013187088538743374, 0.012856984423464541, 0.012603203110735933, 0.01239255914405646, 0.012071306591845904, 0.01176428423791996, 0.011462030513152439, 0.011085096881171319, 0.010649350583257642, 0.01025870047798606, 0.010128696167655969, 0.009778739686230456, 0.009437344037259604, 0.00924714201217503, 0.009063261950751132, 0.008848001306668575, 0.008634800095806106, 0.008367707361974678, 0.008041152463728867, 0.007774211006231242, 0.007719666801857834, 0.007579600517778424, 0.0073779107675357395, 0.007275143699222847, 0.007143224183148399, 0.0070144319605603515, 0.006903232705617257, 0.006788811837771387, 0.006578088017172348, 0.006395553124692696, 0.0062700187808877265, 0.006144097095070012, 0.006019506043397567, 0.0056652629206479675, 0.0056316662808320525, 0.005534447673373958, 0.005514257966522995, 0.005499901581387619, 0.005484273222145612, 0.005312269507345471, 0.005295128221181063, 0.0052793683269177745, 0.005199267207440827, 0.00511483235366634, 0.0050317879716806875, 0.005019162091786779, 0.004893409366049092, 0.004768326394270682, 0.004750179576442859, 0.004736015904717947, 0.004723314637085266, 0.004710521441974559, 0.004643644977293987, 0.00462816084698201, 0.004615033101844107, 0.0046039483255018235, 0.00444881951016759, 0.004361805605590808, 0.004351103058573604, 0.004342238025580034, 0.00426544113872019, 0.004257719064177023, 0.004120177332854891, 0.004111981132115785, 0.00405154270034384, 0.004044576599647856, 0.004037908136017929, 0.004031343842839127, 0.0039469785740695405, 0.003940026706934625, 0.003934135342987147, 0.003929268316320207, 0.003924898994542705, 0.003920977295769218, 0.003917261238974083, 0.0038417798906700768, 0.0038373775691356053, 0.0037976598250466483, 0.003794696852579263, 0.0037923648531159693, 0.003629736453269144, 0.003625954832907534, 0.0036222201268099664, 0.003584697242478595, 0.0035434555290292636, 0.0035402922695145283, 0.003537465654419754, 0.0034841407844594884, 0.0034812741064755657, 0.0034786622386071054, 0.003385338719918738]

