Total times: [19.698664665222168, 17.40374207496643, 16.769126176834106, 16.676887273788452, 17.50128173828125, 18.56895923614502, 21.290704011917114, 19.69256854057312, 22.517359733581543, 16.68624234199524, 16.993264198303223, 16.879510402679443, 16.84996271133423, 16.826830625534058, 16.92311716079712, 16.982088804244995, 16.958719491958618, 16.89647078514099, 16.850130558013916, 16.87712073326111, 16.898925065994263, 17.064826488494873, 16.953099966049194, 16.930503845214844, 17.01255202293396]
Total rms: [array([0.01644877, 0.0128796 , 0.01144233, 0.01028977, 0.00940894,
       0.00861118, 0.00788355, 0.00723124, 0.00677519, 0.00640667,
       0.00605622, 0.00576065, 0.00549126, 0.00526552, 0.00508764,
       0.00496522, 0.00488692, 0.004839  , 0.00481055, 0.00479318,
       0.00478216, 0.00477659, 0.00477289, 0.00477113, 0.00477018,
       0.00476981, 0.0047697 , 0.00476964, 0.00476956, 0.00476952,
       0.00476946, 0.00476943, 0.00476942, 0.00476942]), array([0.01619483, 0.01217224, 0.01101855, 0.01009386, 0.00932056,
       0.0086694 , 0.00795522, 0.00735461, 0.00691237, 0.00657683,
       0.00630508, 0.00607311, 0.00586844, 0.00570366, 0.0055522 ,
       0.00541474, 0.0052716 , 0.00514644, 0.00506585, 0.00502349,
       0.00499804, 0.00498378, 0.00497539, 0.00496836, 0.00496318,
       0.00496022, 0.00495863, 0.00495692, 0.00495539, 0.00495405,
       0.00495316, 0.00495276, 0.00495255, 0.00495248, 0.00495239,
       0.00495233, 0.00495232, 0.0049523 , 0.00495228, 0.00495227,
       0.00495227]), array([0.01682471, 0.01240427, 0.01106424, 0.01014945, 0.00939475,
       0.00875027, 0.00815281, 0.00764413, 0.0071605 , 0.00669339,
       0.0063197 , 0.00599345, 0.00571556, 0.00547594, 0.00528258,
       0.00512301, 0.00500638, 0.00493547, 0.00488918, 0.00485944,
       0.00483939, 0.00482721, 0.00482146, 0.00481672, 0.00481376,
       0.00481248, 0.00481134, 0.00481024, 0.00480977, 0.00480963,
       0.00480945, 0.00480938, 0.00480937]), array([0.01663672, 0.01307227, 0.01189272, 0.01088093, 0.00990042,
       0.00905796, 0.00825023, 0.00750926, 0.00684925, 0.00630774,
       0.00596885, 0.0057769 , 0.00566343, 0.00557167, 0.00548522,
       0.00540252, 0.00532632, 0.00527133, 0.00523253, 0.00520138,
       0.00517692, 0.00515885, 0.00514655, 0.00513808, 0.00513144,
       0.00512728, 0.00512498, 0.00512368, 0.00512251, 0.00512167,
       0.0051208 , 0.00512046, 0.00512016, 0.00512004, 0.00511999,
       0.00511997, 0.00511996]), array([0.0157733 , 0.01210806, 0.01125211, 0.01063783, 0.00979348,
       0.00873709, 0.00791053, 0.00721421, 0.00665859, 0.00620495,
       0.00584422, 0.00552575, 0.0052498 , 0.00506249, 0.0049539 ,
       0.00488621, 0.00483337, 0.00479489, 0.00476682, 0.00474792,
       0.0047347 , 0.00472667, 0.00472002, 0.00471394, 0.004709  ,
       0.0047048 , 0.00470215, 0.00470026, 0.00469861, 0.00469802,
       0.00469778, 0.00469758, 0.00469744, 0.00469737, 0.0046973 ,
       0.00469721, 0.00469708, 0.00469696, 0.00469689, 0.00469688,
       0.00469685, 0.00469684, 0.00469683, 0.00469682]), array([0.01636494, 0.01221172, 0.01100096, 0.01049861, 0.01013962,
       0.00979188, 0.0094172 , 0.00906946, 0.00880128, 0.00857763,
       0.00831737, 0.00797738, 0.00755711, 0.00704463, 0.00644569,
       0.00592825, 0.00556583, 0.00529672, 0.00510578, 0.00497085,
       0.0048848 , 0.00483128, 0.00479999, 0.00478065, 0.00476996,
       0.00476239, 0.00475741, 0.00475312, 0.0047507 , 0.0047499 ,
       0.0047491 , 0.00474841, 0.0047477 , 0.00474721, 0.0047466 ,
       0.00474628, 0.00474602, 0.00474584, 0.00474565, 0.00474558,
       0.00474553, 0.00474549, 0.00474546, 0.00474543, 0.00474543]), array([0.01682951, 0.01241731, 0.01111083, 0.01007729, 0.00926862,
       0.00858027, 0.00791161, 0.00727804, 0.00677702, 0.0064233 ,
       0.00616596, 0.00598138, 0.00584065, 0.00572676, 0.00564287,
       0.005585  , 0.00554162, 0.00550267, 0.00547257, 0.00544617,
       0.00542159, 0.00540131, 0.00538054, 0.00535985, 0.00534556,
       0.00533664, 0.00533066, 0.0053248 , 0.00532094, 0.00531851,
       0.00531738, 0.00531686, 0.00531671, 0.00531655, 0.00531642,
       0.00531631, 0.00531625, 0.00531621, 0.00531619, 0.00531617,
       0.00531617]), array([0.0166358 , 0.01267293, 0.01139646, 0.01043745, 0.00933197,
       0.00803664, 0.00706712, 0.00639283, 0.00590913, 0.00553354,
       0.00526505, 0.00506251, 0.00489283, 0.00475183, 0.00465054,
       0.00456895, 0.00450483, 0.00446343, 0.00443871, 0.00442502,
       0.00441488, 0.0044077 , 0.00440372, 0.00440074, 0.00439814,
       0.00439617, 0.00439485, 0.00439421, 0.00439373, 0.00439322,
       0.00439276, 0.00439216, 0.00439158, 0.00439112, 0.00439047,
       0.00438998, 0.00438939, 0.00438881, 0.00438839, 0.00438827,
       0.00438823, 0.0043882 , 0.00438818, 0.00438816, 0.00438814,
       0.00438814]), array([0.01729983, 0.01240842, 0.01121448, 0.01091804, 0.01067555,
       0.01035679, 0.00992258, 0.0093884 , 0.00886995, 0.00842202,
       0.00803896, 0.00769881, 0.00731767, 0.00687861, 0.0064045 ,
       0.00604916, 0.00578886, 0.00558227, 0.00542575, 0.00531252,
       0.00524675, 0.00520671, 0.00518108, 0.00516469, 0.00515654,
       0.00515154, 0.00514793, 0.00514615, 0.0051454 , 0.00514497,
       0.00514457, 0.00514419, 0.00514406, 0.00514399, 0.00514394,
       0.0051439 , 0.00514388, 0.00514388]), array([0.01602616, 0.01219834, 0.01104445, 0.01018536, 0.00944665,
       0.00881668, 0.00809199, 0.00734916, 0.00667656, 0.00622613,
       0.00593104, 0.00569835, 0.00549411, 0.00529037, 0.00509455,
       0.0048893 , 0.00470368, 0.00455267, 0.00445003, 0.00438828,
       0.00435399, 0.00433064, 0.00431854, 0.00430866, 0.00430218,
       0.00429747, 0.00429485, 0.00429361, 0.0042929 , 0.00429237,
       0.00429205, 0.00429192, 0.00429186, 0.00429184, 0.00429183]), array([0.01686451, 0.01258515, 0.01135252, 0.01070489, 0.01025465,
       0.00972237, 0.00920358, 0.00872703, 0.00821732, 0.00781305,
       0.00738661, 0.00685347, 0.00630321, 0.0058295 , 0.00540661,
       0.00508385, 0.00485671, 0.00470997, 0.00461726, 0.00455567,
       0.00451286, 0.00448289, 0.004461  , 0.00444903, 0.00444228,
       0.00443836, 0.00443642, 0.00443489, 0.004434  , 0.00443329,
       0.00443292, 0.00443261, 0.00443214, 0.00443179, 0.00443153,
       0.00443137, 0.00443126, 0.00443121, 0.00443119, 0.00443118,
       0.00443118]), array([0.01628169, 0.01278522, 0.01184685, 0.01089656, 0.00991944,
       0.0091271 , 0.00816175, 0.00739271, 0.00689802, 0.00663769,
       0.00646944, 0.00635993, 0.006281  , 0.00622919, 0.00619687,
       0.00617321, 0.00615376, 0.00614066, 0.00613155, 0.00612512,
       0.00612012, 0.00611611, 0.00611347, 0.00611199, 0.00611089,
       0.00610996, 0.0061092 , 0.00610886, 0.00610857, 0.00610842,
       0.00610833, 0.00610829, 0.00610828, 0.00610827]), array([0.01691814, 0.01230693, 0.01131245, 0.01080393, 0.01032093,
       0.00976411, 0.0090949 , 0.00837602, 0.00766224, 0.00718972,
       0.00682374, 0.00651046, 0.00622753, 0.00599903, 0.00581919,
       0.00567998, 0.00557704, 0.00549742, 0.00544448, 0.00541092,
       0.00538991, 0.00537654, 0.00537002, 0.00536719, 0.00536547,
       0.00536451, 0.00536359, 0.00536299, 0.00536275, 0.00536254,
       0.00536245, 0.00536235, 0.0053622 , 0.00536211, 0.00536203,
       0.00536196, 0.0053619 , 0.00536187, 0.00536185, 0.00536184]), array([0.01694785, 0.01309833, 0.01181366, 0.01084649, 0.01003731,
       0.00928502, 0.00829157, 0.00743904, 0.00686882, 0.0064197 ,
       0.00606399, 0.00572585, 0.00544434, 0.00521614, 0.00505223,
       0.00494827, 0.00488747, 0.00485083, 0.00482585, 0.00481034,
       0.00479707, 0.0047876 , 0.00477923, 0.00477118, 0.00476574,
       0.00476294, 0.0047608 , 0.00475862, 0.00475672, 0.00475539,
       0.00475468, 0.00475422, 0.00475404, 0.00475392, 0.0047538 ,
       0.00475375, 0.00475372, 0.00475371]), array([0.01662035, 0.01251275, 0.01109333, 0.0100448 , 0.00922214,
       0.00841542, 0.00755321, 0.00686802, 0.00638016, 0.00602281,
       0.00577129, 0.00558744, 0.00543054, 0.00530035, 0.00519316,
       0.0051033 , 0.00503238, 0.0049791 , 0.00494207, 0.00492153,
       0.00490736, 0.00489472, 0.00488486, 0.00487623, 0.00486861,
       0.00486237, 0.00485884, 0.00485655, 0.00485465, 0.00485299,
       0.00485212, 0.004851  , 0.00485007, 0.00484947, 0.00484919,
       0.00484902, 0.00484894, 0.00484891, 0.0048489 , 0.0048489 ]), array([0.01644337, 0.01253695, 0.01124477, 0.01026303, 0.00953064,
       0.00879255, 0.00801062, 0.00724637, 0.00665014, 0.00622814,
       0.00587864, 0.00553793, 0.00523879, 0.00504004, 0.00493262,
       0.00486002, 0.00480591, 0.00476969, 0.00474623, 0.00473102,
       0.00472244, 0.00471502, 0.00471178, 0.00471009, 0.00470878,
       0.00470801, 0.00470741, 0.00470691, 0.00470673, 0.00470664,
       0.00470658, 0.00470657, 0.00470652, 0.00470646, 0.00470643,
       0.00470641, 0.00470639, 0.00470639]), array([0.01630484, 0.01210124, 0.01088601, 0.01042697, 0.01005648,
       0.00964641, 0.00915293, 0.00865798, 0.00826694, 0.00790858,
       0.00756258, 0.00723215, 0.00700247, 0.00683808, 0.0066281 ,
       0.00639318, 0.00619443, 0.00601498, 0.00584533, 0.0056787 ,
       0.00549315, 0.00531873, 0.00517983, 0.00508138, 0.00501398,
       0.00496189, 0.00492592, 0.00490473, 0.00489042, 0.00487993,
       0.00487272, 0.00486802, 0.00486522, 0.00486402, 0.0048637 ,
       0.00486351, 0.00486338, 0.00486325, 0.00486306, 0.00486296,
       0.00486289, 0.00486285, 0.00486281, 0.00486279, 0.00486277,
       0.00486277]), array([0.01647696, 0.01267562, 0.01139384, 0.01070537, 0.00993095,
       0.00911218, 0.00831043, 0.00734519, 0.00648926, 0.00594764,
       0.00564746, 0.00541533, 0.00520339, 0.00503304, 0.00489027,
       0.00478381, 0.00470744, 0.00465468, 0.00462352, 0.00460359,
       0.00459321, 0.00458787, 0.00458519, 0.00458337, 0.00458227,
       0.00458175, 0.0045814 , 0.00458114, 0.00458088, 0.00458074,
       0.0045807 , 0.00458068, 0.00458067]), array([0.01697654, 0.01337338, 0.01190364, 0.01083518, 0.01013985,
       0.00932533, 0.00850925, 0.00787749, 0.00726424, 0.0067816 ,
       0.00640447, 0.00606321, 0.00576917, 0.00553479, 0.00537674,
       0.0052794 , 0.00522002, 0.00519334, 0.00518179, 0.00517599,
       0.00517347, 0.00517236, 0.00517162, 0.00517122, 0.00517108,
       0.00517101, 0.00517096, 0.00517094, 0.00517093, 0.00517092]), array([0.01661422, 0.01272288, 0.01136825, 0.01027433, 0.00942797,
       0.0086966 , 0.00801094, 0.00745871, 0.00707225, 0.00679328,
       0.00656437, 0.00637902, 0.00621017, 0.00604433, 0.00586371,
       0.00569476, 0.00557993, 0.00550743, 0.00546349, 0.0054242 ,
       0.00539115, 0.00536868, 0.00535239, 0.00534135, 0.00533515,
       0.00533192, 0.00532999, 0.00532906, 0.00532859, 0.00532827,
       0.00532814, 0.00532808, 0.00532805, 0.00532804]), array([0.01625704, 0.01248804, 0.01136742, 0.01062829, 0.00981092,
       0.00897498, 0.00826231, 0.00761728, 0.00703479, 0.00655999,
       0.00616274, 0.00582599, 0.00558682, 0.00542814, 0.00530521,
       0.00521491, 0.00514865, 0.00510127, 0.00506484, 0.00503527,
       0.00501268, 0.00499298, 0.00497502, 0.00496244, 0.00495386,
       0.00494744, 0.00494327, 0.00493973, 0.00493709, 0.00493526,
       0.0049334 , 0.00493249, 0.00493196, 0.00493166, 0.00493143,
       0.00493128, 0.00493115, 0.00493113, 0.00493109, 0.00493104,
       0.00493102, 0.004931  , 0.00493098, 0.00493094, 0.00493088,
       0.00493084, 0.00493081, 0.00493079, 0.00493079]), array([0.01605782, 0.0124454 , 0.01142559, 0.0106413 , 0.0098357 ,
       0.00896275, 0.00798518, 0.00718484, 0.00664525, 0.00622104,
       0.00585688, 0.00555149, 0.00531086, 0.00514377, 0.00502263,
       0.00493158, 0.00486759, 0.00482285, 0.00478717, 0.00475991,
       0.00473829, 0.00472501, 0.00471766, 0.00471198, 0.00470798,
       0.00470558, 0.00470364, 0.00470196, 0.00469998, 0.00469906,
       0.00469826, 0.00469794, 0.00469765, 0.00469752, 0.00469744,
       0.00469735, 0.00469728, 0.00469719, 0.00469714, 0.00469709,
       0.00469701, 0.00469689, 0.00469679, 0.00469668, 0.00469661,
       0.00469657, 0.00469654, 0.00469653]), array([0.01693566, 0.01283936, 0.01170867, 0.01053762, 0.00957354,
       0.00869066, 0.0079928 , 0.00740199, 0.00705313, 0.00684066,
       0.00665937, 0.00648579, 0.00631394, 0.00612296, 0.00589607,
       0.00565072, 0.00547457, 0.00536311, 0.00527913, 0.00521662,
       0.00517197, 0.00514106, 0.00511908, 0.00510557, 0.00509801,
       0.00509293, 0.00508934, 0.00508686, 0.0050852 , 0.0050839 ,
       0.00508288, 0.00508209, 0.00508144, 0.00508104, 0.00508079,
       0.00508061, 0.00508053, 0.00508042, 0.00508033, 0.00508024,
       0.00508015, 0.00507997, 0.0050798 , 0.00507961, 0.00507948,
       0.00507934, 0.00507925, 0.00507921, 0.00507917, 0.00507915,
       0.00507913, 0.0050791 , 0.00507909]), array([0.01662249, 0.0128118 , 0.01157882, 0.01081683, 0.01012257,
       0.00960033, 0.00924403, 0.00887272, 0.00846554, 0.0080827 ,
       0.00774032, 0.00737604, 0.00682274, 0.00631656, 0.00596382,
       0.00566347, 0.00542277, 0.0052335 , 0.00508291, 0.0049565 ,
       0.00485906, 0.00479051, 0.0047444 , 0.00471301, 0.00469026,
       0.00467803, 0.00466782, 0.00466076, 0.00465618, 0.00465201,
       0.00464803, 0.00464471, 0.0046422 , 0.00463951, 0.00463754,
       0.00463631, 0.00463537, 0.00463452, 0.00463375, 0.00463322,
       0.00463293, 0.00463277, 0.00463272, 0.00463263, 0.00463252,
       0.0046325 , 0.00463249]), array([0.01577237, 0.01208319, 0.01092   , 0.01014387, 0.00947945,
       0.00890414, 0.00829813, 0.00758065, 0.00689674, 0.00641653,
       0.00606491, 0.00580159, 0.00556063, 0.00534365, 0.00516782,
       0.00503678, 0.00493995, 0.00485504, 0.0047784 , 0.00471062,
       0.00465648, 0.00461404, 0.00458286, 0.00455943, 0.00454569,
       0.00453756, 0.00453283, 0.00453007, 0.0045279 , 0.0045264 ,
       0.00452561, 0.00452521, 0.00452501, 0.00452488, 0.00452465,
       0.00452441, 0.00452419, 0.00452405, 0.00452399, 0.00452397,
       0.00452396, 0.00452394, 0.00452392, 0.0045239 , 0.00452389])]
