Total times: [27.793035745620728, 27.047776460647583, 27.150214195251465, 27.089316606521606, 27.137555360794067, 27.14061403274536, 27.000056982040405, 27.498183965682983, 27.04482126235962, 26.944775104522705, 26.955179929733276, 27.05933117866516, 26.90375256538391, 26.982869386672974, 27.099237203598022, 27.29112195968628, 26.96003556251526, 27.01743245124817, 27.113218784332275, 26.99014377593994, 27.18405294418335, 27.111287355422974, 27.397993326187134, 27.0345561504364, 27.225539922714233]
Total rms: [array([0.01202378, 0.00893951, 0.00751052, 0.00681827, 0.00640547,
       0.00610109, 0.00583598, 0.00558609, 0.00535926, 0.00516562,
       0.00499827, 0.00484843, 0.00470577, 0.00456237, 0.0044115 ,
       0.00425596, 0.00409971, 0.00394301, 0.00378703, 0.00364125,
       0.00349982, 0.00336107, 0.00322276, 0.00308131, 0.00293698,
       0.00279334, 0.00265655, 0.00253155, 0.002417  , 0.0023128 ,
       0.00221809, 0.00213311, 0.0020579 , 0.00199153, 0.00193305,
       0.00188236, 0.00183837, 0.00180084, 0.00176848, 0.00174135,
       0.00171877, 0.00170005, 0.00168495, 0.00167265, 0.00166274,
       0.00165504, 0.00164877, 0.00164384, 0.00164007, 0.00163705,
       0.00163459, 0.00163273, 0.0016314 , 0.00163038, 0.0016295 ,
       0.00162879, 0.00162817, 0.00162764, 0.00162729, 0.00162702,
       0.00162682, 0.00162667, 0.00162656, 0.00162647, 0.0016264 ,
       0.00162635, 0.00162631, 0.00162628, 0.00162625, 0.00162623,
       0.00162622, 0.00162621]), array([0.01202378, 0.00893951, 0.00751052, 0.00681827, 0.00640547,
       0.00610109, 0.00583598, 0.00558609, 0.00535926, 0.00516562,
       0.00499827, 0.00484843, 0.00470577, 0.00456237, 0.0044115 ,
       0.00425596, 0.00409971, 0.00394301, 0.00378703, 0.00364125,
       0.00349982, 0.00336107, 0.00322276, 0.00308131, 0.00293698,
       0.00279334, 0.00265655, 0.00253155, 0.002417  , 0.0023128 ,
       0.00221809, 0.00213311, 0.0020579 , 0.00199153, 0.00193305,
       0.00188236, 0.00183837, 0.00180084, 0.00176848, 0.00174135,
       0.00171877, 0.00170005, 0.00168495, 0.00167265, 0.00166274,
       0.00165504, 0.00164877, 0.00164384, 0.00164007, 0.00163705,
       0.00163459, 0.00163273, 0.0016314 , 0.00163038, 0.0016295 ,
       0.00162879, 0.00162817, 0.00162764, 0.00162729, 0.00162702,
       0.00162682, 0.00162667, 0.00162656, 0.00162647, 0.0016264 ,
       0.00162635, 0.00162631, 0.00162628, 0.00162625, 0.00162623,
       0.00162622, 0.00162621]), array([0.01202378, 0.00893951, 0.00751052, 0.00681827, 0.00640547,
       0.00610109, 0.00583598, 0.00558609, 0.00535926, 0.00516562,
       0.00499827, 0.00484843, 0.00470577, 0.00456237, 0.0044115 ,
       0.00425596, 0.00409971, 0.00394301, 0.00378703, 0.00364125,
       0.00349982, 0.00336107, 0.00322276, 0.00308131, 0.00293698,
       0.00279334, 0.00265655, 0.00253155, 0.002417  , 0.0023128 ,
       0.00221809, 0.00213311, 0.0020579 , 0.00199153, 0.00193305,
       0.00188236, 0.00183837, 0.00180084, 0.00176848, 0.00174135,
       0.00171877, 0.00170005, 0.00168495, 0.00167265, 0.00166274,
       0.00165504, 0.00164877, 0.00164384, 0.00164007, 0.00163705,
       0.00163459, 0.00163273, 0.0016314 , 0.00163038, 0.0016295 ,
       0.00162879, 0.00162817, 0.00162764, 0.00162729, 0.00162702,
       0.00162682, 0.00162667, 0.00162656, 0.00162647, 0.0016264 ,
       0.00162635, 0.00162631, 0.00162628, 0.00162625, 0.00162623,
       0.00162622, 0.00162621]), array([0.01202378, 0.00893951, 0.00751052, 0.00681827, 0.00640547,
       0.00610109, 0.00583598, 0.00558609, 0.00535926, 0.00516562,
       0.00499827, 0.00484843, 0.00470577, 0.00456237, 0.0044115 ,
       0.00425596, 0.00409971, 0.00394301, 0.00378703, 0.00364125,
       0.00349982, 0.00336107, 0.00322276, 0.00308131, 0.00293698,
       0.00279334, 0.00265655, 0.00253155, 0.002417  , 0.0023128 ,
       0.00221809, 0.00213311, 0.0020579 , 0.00199153, 0.00193305,
       0.00188236, 0.00183837, 0.00180084, 0.00176848, 0.00174135,
       0.00171877, 0.00170005, 0.00168495, 0.00167265, 0.00166274,
       0.00165504, 0.00164877, 0.00164384, 0.00164007, 0.00163705,
       0.00163459, 0.00163273, 0.0016314 , 0.00163038, 0.0016295 ,
       0.00162879, 0.00162817, 0.00162764, 0.00162729, 0.00162702,
       0.00162682, 0.00162667, 0.00162656, 0.00162647, 0.0016264 ,
       0.00162635, 0.00162631, 0.00162628, 0.00162625, 0.00162623,
       0.00162622, 0.00162621]), array([0.01202378, 0.00893951, 0.00751052, 0.00681827, 0.00640547,
       0.00610109, 0.00583598, 0.00558609, 0.00535926, 0.00516562,
       0.00499827, 0.00484843, 0.00470577, 0.00456237, 0.0044115 ,
       0.00425596, 0.00409971, 0.00394301, 0.00378703, 0.00364125,
       0.00349982, 0.00336107, 0.00322276, 0.00308131, 0.00293698,
       0.00279334, 0.00265655, 0.00253155, 0.002417  , 0.0023128 ,
       0.00221809, 0.00213311, 0.0020579 , 0.00199153, 0.00193305,
       0.00188236, 0.00183837, 0.00180084, 0.00176848, 0.00174135,
       0.00171877, 0.00170005, 0.00168495, 0.00167265, 0.00166274,
       0.00165504, 0.00164877, 0.00164384, 0.00164007, 0.00163705,
       0.00163459, 0.00163273, 0.0016314 , 0.00163038, 0.0016295 ,
       0.00162879, 0.00162817, 0.00162764, 0.00162729, 0.00162702,
       0.00162682, 0.00162667, 0.00162656, 0.00162647, 0.0016264 ,
       0.00162635, 0.00162631, 0.00162628, 0.00162625, 0.00162623,
       0.00162622, 0.00162621]), array([0.01202378, 0.00893951, 0.00751052, 0.00681827, 0.00640547,
       0.00610109, 0.00583598, 0.00558609, 0.00535926, 0.00516562,
       0.00499827, 0.00484843, 0.00470577, 0.00456237, 0.0044115 ,
       0.00425596, 0.00409971, 0.00394301, 0.00378703, 0.00364125,
       0.00349982, 0.00336107, 0.00322276, 0.00308131, 0.00293698,
       0.00279334, 0.00265655, 0.00253155, 0.002417  , 0.0023128 ,
       0.00221809, 0.00213311, 0.0020579 , 0.00199153, 0.00193305,
       0.00188236, 0.00183837, 0.00180084, 0.00176848, 0.00174135,
       0.00171877, 0.00170005, 0.00168495, 0.00167265, 0.00166274,
       0.00165504, 0.00164877, 0.00164384, 0.00164007, 0.00163705,
       0.00163459, 0.00163273, 0.0016314 , 0.00163038, 0.0016295 ,
       0.00162879, 0.00162817, 0.00162764, 0.00162729, 0.00162702,
       0.00162682, 0.00162667, 0.00162656, 0.00162647, 0.0016264 ,
       0.00162635, 0.00162631, 0.00162628, 0.00162625, 0.00162623,
       0.00162622, 0.00162621]), array([0.01202378, 0.00893951, 0.00751052, 0.00681827, 0.00640547,
       0.00610109, 0.00583598, 0.00558609, 0.00535926, 0.00516562,
       0.00499827, 0.00484843, 0.00470577, 0.00456237, 0.0044115 ,
       0.00425596, 0.00409971, 0.00394301, 0.00378703, 0.00364125,
       0.00349982, 0.00336107, 0.00322276, 0.00308131, 0.00293698,
       0.00279334, 0.00265655, 0.00253155, 0.002417  , 0.0023128 ,
       0.00221809, 0.00213311, 0.0020579 , 0.00199153, 0.00193305,
       0.00188236, 0.00183837, 0.00180084, 0.00176848, 0.00174135,
       0.00171877, 0.00170005, 0.00168495, 0.00167265, 0.00166274,
       0.00165504, 0.00164877, 0.00164384, 0.00164007, 0.00163705,
       0.00163459, 0.00163273, 0.0016314 , 0.00163038, 0.0016295 ,
       0.00162879, 0.00162817, 0.00162764, 0.00162729, 0.00162702,
       0.00162682, 0.00162667, 0.00162656, 0.00162647, 0.0016264 ,
       0.00162635, 0.00162631, 0.00162628, 0.00162625, 0.00162623,
       0.00162622, 0.00162621]), array([0.01202378, 0.00893951, 0.00751052, 0.00681827, 0.00640547,
       0.00610109, 0.00583598, 0.00558609, 0.00535926, 0.00516562,
       0.00499827, 0.00484843, 0.00470577, 0.00456237, 0.0044115 ,
       0.00425596, 0.00409971, 0.00394301, 0.00378703, 0.00364125,
       0.00349982, 0.00336107, 0.00322276, 0.00308131, 0.00293698,
       0.00279334, 0.00265655, 0.00253155, 0.002417  , 0.0023128 ,
       0.00221809, 0.00213311, 0.0020579 , 0.00199153, 0.00193305,
       0.00188236, 0.00183837, 0.00180084, 0.00176848, 0.00174135,
       0.00171877, 0.00170005, 0.00168495, 0.00167265, 0.00166274,
       0.00165504, 0.00164877, 0.00164384, 0.00164007, 0.00163705,
       0.00163459, 0.00163273, 0.0016314 , 0.00163038, 0.0016295 ,
       0.00162879, 0.00162817, 0.00162764, 0.00162729, 0.00162702,
       0.00162682, 0.00162667, 0.00162656, 0.00162647, 0.0016264 ,
       0.00162635, 0.00162631, 0.00162628, 0.00162625, 0.00162623,
       0.00162622, 0.00162621]), array([0.01202378, 0.00893951, 0.00751052, 0.00681827, 0.00640547,
       0.00610109, 0.00583598, 0.00558609, 0.00535926, 0.00516562,
       0.00499827, 0.00484843, 0.00470577, 0.00456237, 0.0044115 ,
       0.00425596, 0.00409971, 0.00394301, 0.00378703, 0.00364125,
       0.00349982, 0.00336107, 0.00322276, 0.00308131, 0.00293698,
       0.00279334, 0.00265655, 0.00253155, 0.002417  , 0.0023128 ,
       0.00221809, 0.00213311, 0.0020579 , 0.00199153, 0.00193305,
       0.00188236, 0.00183837, 0.00180084, 0.00176848, 0.00174135,
       0.00171877, 0.00170005, 0.00168495, 0.00167265, 0.00166274,
       0.00165504, 0.00164877, 0.00164384, 0.00164007, 0.00163705,
       0.00163459, 0.00163273, 0.0016314 , 0.00163038, 0.0016295 ,
       0.00162879, 0.00162817, 0.00162764, 0.00162729, 0.00162702,
       0.00162682, 0.00162667, 0.00162656, 0.00162647, 0.0016264 ,
       0.00162635, 0.00162631, 0.00162628, 0.00162625, 0.00162623,
       0.00162622, 0.00162621]), array([0.01202378, 0.00893951, 0.00751052, 0.00681827, 0.00640547,
       0.00610109, 0.00583598, 0.00558609, 0.00535926, 0.00516562,
       0.00499827, 0.00484843, 0.00470577, 0.00456237, 0.0044115 ,
       0.00425596, 0.00409971, 0.00394301, 0.00378703, 0.00364125,
       0.00349982, 0.00336107, 0.00322276, 0.00308131, 0.00293698,
       0.00279334, 0.00265655, 0.00253155, 0.002417  , 0.0023128 ,
       0.00221809, 0.00213311, 0.0020579 , 0.00199153, 0.00193305,
       0.00188236, 0.00183837, 0.00180084, 0.00176848, 0.00174135,
       0.00171877, 0.00170005, 0.00168495, 0.00167265, 0.00166274,
       0.00165504, 0.00164877, 0.00164384, 0.00164007, 0.00163705,
       0.00163459, 0.00163273, 0.0016314 , 0.00163038, 0.0016295 ,
       0.00162879, 0.00162817, 0.00162764, 0.00162729, 0.00162702,
       0.00162682, 0.00162667, 0.00162656, 0.00162647, 0.0016264 ,
       0.00162635, 0.00162631, 0.00162628, 0.00162625, 0.00162623,
       0.00162622, 0.00162621]), array([0.01202378, 0.00893951, 0.00751052, 0.00681827, 0.00640547,
       0.00610109, 0.00583598, 0.00558609, 0.00535926, 0.00516562,
       0.00499827, 0.00484843, 0.00470577, 0.00456237, 0.0044115 ,
       0.00425596, 0.00409971, 0.00394301, 0.00378703, 0.00364125,
       0.00349982, 0.00336107, 0.00322276, 0.00308131, 0.00293698,
       0.00279334, 0.00265655, 0.00253155, 0.002417  , 0.0023128 ,
       0.00221809, 0.00213311, 0.0020579 , 0.00199153, 0.00193305,
       0.00188236, 0.00183837, 0.00180084, 0.00176848, 0.00174135,
       0.00171877, 0.00170005, 0.00168495, 0.00167265, 0.00166274,
       0.00165504, 0.00164877, 0.00164384, 0.00164007, 0.00163705,
       0.00163459, 0.00163273, 0.0016314 , 0.00163038, 0.0016295 ,
       0.00162879, 0.00162817, 0.00162764, 0.00162729, 0.00162702,
       0.00162682, 0.00162667, 0.00162656, 0.00162647, 0.0016264 ,
       0.00162635, 0.00162631, 0.00162628, 0.00162625, 0.00162623,
       0.00162622, 0.00162621]), array([0.01202378, 0.00893951, 0.00751052, 0.00681827, 0.00640547,
       0.00610109, 0.00583598, 0.00558609, 0.00535926, 0.00516562,
       0.00499827, 0.00484843, 0.00470577, 0.00456237, 0.0044115 ,
       0.00425596, 0.00409971, 0.00394301, 0.00378703, 0.00364125,
       0.00349982, 0.00336107, 0.00322276, 0.00308131, 0.00293698,
       0.00279334, 0.00265655, 0.00253155, 0.002417  , 0.0023128 ,
       0.00221809, 0.00213311, 0.0020579 , 0.00199153, 0.00193305,
       0.00188236, 0.00183837, 0.00180084, 0.00176848, 0.00174135,
       0.00171877, 0.00170005, 0.00168495, 0.00167265, 0.00166274,
       0.00165504, 0.00164877, 0.00164384, 0.00164007, 0.00163705,
       0.00163459, 0.00163273, 0.0016314 , 0.00163038, 0.0016295 ,
       0.00162879, 0.00162817, 0.00162764, 0.00162729, 0.00162702,
       0.00162682, 0.00162667, 0.00162656, 0.00162647, 0.0016264 ,
       0.00162635, 0.00162631, 0.00162628, 0.00162625, 0.00162623,
       0.00162622, 0.00162621]), array([0.01202378, 0.00893951, 0.00751052, 0.00681827, 0.00640547,
       0.00610109, 0.00583598, 0.00558609, 0.00535926, 0.00516562,
       0.00499827, 0.00484843, 0.00470577, 0.00456237, 0.0044115 ,
       0.00425596, 0.00409971, 0.00394301, 0.00378703, 0.00364125,
       0.00349982, 0.00336107, 0.00322276, 0.00308131, 0.00293698,
       0.00279334, 0.00265655, 0.00253155, 0.002417  , 0.0023128 ,
       0.00221809, 0.00213311, 0.0020579 , 0.00199153, 0.00193305,
       0.00188236, 0.00183837, 0.00180084, 0.00176848, 0.00174135,
       0.00171877, 0.00170005, 0.00168495, 0.00167265, 0.00166274,
       0.00165504, 0.00164877, 0.00164384, 0.00164007, 0.00163705,
       0.00163459, 0.00163273, 0.0016314 , 0.00163038, 0.0016295 ,
       0.00162879, 0.00162817, 0.00162764, 0.00162729, 0.00162702,
       0.00162682, 0.00162667, 0.00162656, 0.00162647, 0.0016264 ,
       0.00162635, 0.00162631, 0.00162628, 0.00162625, 0.00162623,
       0.00162622, 0.00162621]), array([0.01202378, 0.00893951, 0.00751052, 0.00681827, 0.00640547,
       0.00610109, 0.00583598, 0.00558609, 0.00535926, 0.00516562,
       0.00499827, 0.00484843, 0.00470577, 0.00456237, 0.0044115 ,
       0.00425596, 0.00409971, 0.00394301, 0.00378703, 0.00364125,
       0.00349982, 0.00336107, 0.00322276, 0.00308131, 0.00293698,
       0.00279334, 0.00265655, 0.00253155, 0.002417  , 0.0023128 ,
       0.00221809, 0.00213311, 0.0020579 , 0.00199153, 0.00193305,
       0.00188236, 0.00183837, 0.00180084, 0.00176848, 0.00174135,
       0.00171877, 0.00170005, 0.00168495, 0.00167265, 0.00166274,
       0.00165504, 0.00164877, 0.00164384, 0.00164007, 0.00163705,
       0.00163459, 0.00163273, 0.0016314 , 0.00163038, 0.0016295 ,
       0.00162879, 0.00162817, 0.00162764, 0.00162729, 0.00162702,
       0.00162682, 0.00162667, 0.00162656, 0.00162647, 0.0016264 ,
       0.00162635, 0.00162631, 0.00162628, 0.00162625, 0.00162623,
       0.00162622, 0.00162621]), array([0.01202378, 0.00893951, 0.00751052, 0.00681827, 0.00640547,
       0.00610109, 0.00583598, 0.00558609, 0.00535926, 0.00516562,
       0.00499827, 0.00484843, 0.00470577, 0.00456237, 0.0044115 ,
       0.00425596, 0.00409971, 0.00394301, 0.00378703, 0.00364125,
       0.00349982, 0.00336107, 0.00322276, 0.00308131, 0.00293698,
       0.00279334, 0.00265655, 0.00253155, 0.002417  , 0.0023128 ,
       0.00221809, 0.00213311, 0.0020579 , 0.00199153, 0.00193305,
       0.00188236, 0.00183837, 0.00180084, 0.00176848, 0.00174135,
       0.00171877, 0.00170005, 0.00168495, 0.00167265, 0.00166274,
       0.00165504, 0.00164877, 0.00164384, 0.00164007, 0.00163705,
       0.00163459, 0.00163273, 0.0016314 , 0.00163038, 0.0016295 ,
       0.00162879, 0.00162817, 0.00162764, 0.00162729, 0.00162702,
       0.00162682, 0.00162667, 0.00162656, 0.00162647, 0.0016264 ,
       0.00162635, 0.00162631, 0.00162628, 0.00162625, 0.00162623,
       0.00162622, 0.00162621]), array([0.01202378, 0.00893951, 0.00751052, 0.00681827, 0.00640547,
       0.00610109, 0.00583598, 0.00558609, 0.00535926, 0.00516562,
       0.00499827, 0.00484843, 0.00470577, 0.00456237, 0.0044115 ,
       0.00425596, 0.00409971, 0.00394301, 0.00378703, 0.00364125,
       0.00349982, 0.00336107, 0.00322276, 0.00308131, 0.00293698,
       0.00279334, 0.00265655, 0.00253155, 0.002417  , 0.0023128 ,
       0.00221809, 0.00213311, 0.0020579 , 0.00199153, 0.00193305,
       0.00188236, 0.00183837, 0.00180084, 0.00176848, 0.00174135,
       0.00171877, 0.00170005, 0.00168495, 0.00167265, 0.00166274,
       0.00165504, 0.00164877, 0.00164384, 0.00164007, 0.00163705,
       0.00163459, 0.00163273, 0.0016314 , 0.00163038, 0.0016295 ,
       0.00162879, 0.00162817, 0.00162764, 0.00162729, 0.00162702,
       0.00162682, 0.00162667, 0.00162656, 0.00162647, 0.0016264 ,
       0.00162635, 0.00162631, 0.00162628, 0.00162625, 0.00162623,
       0.00162622, 0.00162621]), array([0.01202378, 0.00893951, 0.00751052, 0.00681827, 0.00640547,
       0.00610109, 0.00583598, 0.00558609, 0.00535926, 0.00516562,
       0.00499827, 0.00484843, 0.00470577, 0.00456237, 0.0044115 ,
       0.00425596, 0.00409971, 0.00394301, 0.00378703, 0.00364125,
       0.00349982, 0.00336107, 0.00322276, 0.00308131, 0.00293698,
       0.00279334, 0.00265655, 0.00253155, 0.002417  , 0.0023128 ,
       0.00221809, 0.00213311, 0.0020579 , 0.00199153, 0.00193305,
       0.00188236, 0.00183837, 0.00180084, 0.00176848, 0.00174135,
       0.00171877, 0.00170005, 0.00168495, 0.00167265, 0.00166274,
       0.00165504, 0.00164877, 0.00164384, 0.00164007, 0.00163705,
       0.00163459, 0.00163273, 0.0016314 , 0.00163038, 0.0016295 ,
       0.00162879, 0.00162817, 0.00162764, 0.00162729, 0.00162702,
       0.00162682, 0.00162667, 0.00162656, 0.00162647, 0.0016264 ,
       0.00162635, 0.00162631, 0.00162628, 0.00162625, 0.00162623,
       0.00162622, 0.00162621]), array([0.01202378, 0.00893951, 0.00751052, 0.00681827, 0.00640547,
       0.00610109, 0.00583598, 0.00558609, 0.00535926, 0.00516562,
       0.00499827, 0.00484843, 0.00470577, 0.00456237, 0.0044115 ,
       0.00425596, 0.00409971, 0.00394301, 0.00378703, 0.00364125,
       0.00349982, 0.00336107, 0.00322276, 0.00308131, 0.00293698,
       0.00279334, 0.00265655, 0.00253155, 0.002417  , 0.0023128 ,
       0.00221809, 0.00213311, 0.0020579 , 0.00199153, 0.00193305,
       0.00188236, 0.00183837, 0.00180084, 0.00176848, 0.00174135,
       0.00171877, 0.00170005, 0.00168495, 0.00167265, 0.00166274,
       0.00165504, 0.00164877, 0.00164384, 0.00164007, 0.00163705,
       0.00163459, 0.00163273, 0.0016314 , 0.00163038, 0.0016295 ,
       0.00162879, 0.00162817, 0.00162764, 0.00162729, 0.00162702,
       0.00162682, 0.00162667, 0.00162656, 0.00162647, 0.0016264 ,
       0.00162635, 0.00162631, 0.00162628, 0.00162625, 0.00162623,
       0.00162622, 0.00162621]), array([0.01202378, 0.00893951, 0.00751052, 0.00681827, 0.00640547,
       0.00610109, 0.00583598, 0.00558609, 0.00535926, 0.00516562,
       0.00499827, 0.00484843, 0.00470577, 0.00456237, 0.0044115 ,
       0.00425596, 0.00409971, 0.00394301, 0.00378703, 0.00364125,
       0.00349982, 0.00336107, 0.00322276, 0.00308131, 0.00293698,
       0.00279334, 0.00265655, 0.00253155, 0.002417  , 0.0023128 ,
       0.00221809, 0.00213311, 0.0020579 , 0.00199153, 0.00193305,
       0.00188236, 0.00183837, 0.00180084, 0.00176848, 0.00174135,
       0.00171877, 0.00170005, 0.00168495, 0.00167265, 0.00166274,
       0.00165504, 0.00164877, 0.00164384, 0.00164007, 0.00163705,
       0.00163459, 0.00163273, 0.0016314 , 0.00163038, 0.0016295 ,
       0.00162879, 0.00162817, 0.00162764, 0.00162729, 0.00162702,
       0.00162682, 0.00162667, 0.00162656, 0.00162647, 0.0016264 ,
       0.00162635, 0.00162631, 0.00162628, 0.00162625, 0.00162623,
       0.00162622, 0.00162621]), array([0.01202378, 0.00893951, 0.00751052, 0.00681827, 0.00640547,
       0.00610109, 0.00583598, 0.00558609, 0.00535926, 0.00516562,
       0.00499827, 0.00484843, 0.00470577, 0.00456237, 0.0044115 ,
       0.00425596, 0.00409971, 0.00394301, 0.00378703, 0.00364125,
       0.00349982, 0.00336107, 0.00322276, 0.00308131, 0.00293698,
       0.00279334, 0.00265655, 0.00253155, 0.002417  , 0.0023128 ,
       0.00221809, 0.00213311, 0.0020579 , 0.00199153, 0.00193305,
       0.00188236, 0.00183837, 0.00180084, 0.00176848, 0.00174135,
       0.00171877, 0.00170005, 0.00168495, 0.00167265, 0.00166274,
       0.00165504, 0.00164877, 0.00164384, 0.00164007, 0.00163705,
       0.00163459, 0.00163273, 0.0016314 , 0.00163038, 0.0016295 ,
       0.00162879, 0.00162817, 0.00162764, 0.00162729, 0.00162702,
       0.00162682, 0.00162667, 0.00162656, 0.00162647, 0.0016264 ,
       0.00162635, 0.00162631, 0.00162628, 0.00162625, 0.00162623,
       0.00162622, 0.00162621]), array([0.01202378, 0.00893951, 0.00751052, 0.00681827, 0.00640547,
       0.00610109, 0.00583598, 0.00558609, 0.00535926, 0.00516562,
       0.00499827, 0.00484843, 0.00470577, 0.00456237, 0.0044115 ,
       0.00425596, 0.00409971, 0.00394301, 0.00378703, 0.00364125,
       0.00349982, 0.00336107, 0.00322276, 0.00308131, 0.00293698,
       0.00279334, 0.00265655, 0.00253155, 0.002417  , 0.0023128 ,
       0.00221809, 0.00213311, 0.0020579 , 0.00199153, 0.00193305,
       0.00188236, 0.00183837, 0.00180084, 0.00176848, 0.00174135,
       0.00171877, 0.00170005, 0.00168495, 0.00167265, 0.00166274,
       0.00165504, 0.00164877, 0.00164384, 0.00164007, 0.00163705,
       0.00163459, 0.00163273, 0.0016314 , 0.00163038, 0.0016295 ,
       0.00162879, 0.00162817, 0.00162764, 0.00162729, 0.00162702,
       0.00162682, 0.00162667, 0.00162656, 0.00162647, 0.0016264 ,
       0.00162635, 0.00162631, 0.00162628, 0.00162625, 0.00162623,
       0.00162622, 0.00162621]), array([0.01202378, 0.00893951, 0.00751052, 0.00681827, 0.00640547,
       0.00610109, 0.00583598, 0.00558609, 0.00535926, 0.00516562,
       0.00499827, 0.00484843, 0.00470577, 0.00456237, 0.0044115 ,
       0.00425596, 0.00409971, 0.00394301, 0.00378703, 0.00364125,
       0.00349982, 0.00336107, 0.00322276, 0.00308131, 0.00293698,
       0.00279334, 0.00265655, 0.00253155, 0.002417  , 0.0023128 ,
       0.00221809, 0.00213311, 0.0020579 , 0.00199153, 0.00193305,
       0.00188236, 0.00183837, 0.00180084, 0.00176848, 0.00174135,
       0.00171877, 0.00170005, 0.00168495, 0.00167265, 0.00166274,
       0.00165504, 0.00164877, 0.00164384, 0.00164007, 0.00163705,
       0.00163459, 0.00163273, 0.0016314 , 0.00163038, 0.0016295 ,
       0.00162879, 0.00162817, 0.00162764, 0.00162729, 0.00162702,
       0.00162682, 0.00162667, 0.00162656, 0.00162647, 0.0016264 ,
       0.00162635, 0.00162631, 0.00162628, 0.00162625, 0.00162623,
       0.00162622, 0.00162621]), array([0.01202378, 0.00893951, 0.00751052, 0.00681827, 0.00640547,
       0.00610109, 0.00583598, 0.00558609, 0.00535926, 0.00516562,
       0.00499827, 0.00484843, 0.00470577, 0.00456237, 0.0044115 ,
       0.00425596, 0.00409971, 0.00394301, 0.00378703, 0.00364125,
       0.00349982, 0.00336107, 0.00322276, 0.00308131, 0.00293698,
       0.00279334, 0.00265655, 0.00253155, 0.002417  , 0.0023128 ,
       0.00221809, 0.00213311, 0.0020579 , 0.00199153, 0.00193305,
       0.00188236, 0.00183837, 0.00180084, 0.00176848, 0.00174135,
       0.00171877, 0.00170005, 0.00168495, 0.00167265, 0.00166274,
       0.00165504, 0.00164877, 0.00164384, 0.00164007, 0.00163705,
       0.00163459, 0.00163273, 0.0016314 , 0.00163038, 0.0016295 ,
       0.00162879, 0.00162817, 0.00162764, 0.00162729, 0.00162702,
       0.00162682, 0.00162667, 0.00162656, 0.00162647, 0.0016264 ,
       0.00162635, 0.00162631, 0.00162628, 0.00162625, 0.00162623,
       0.00162622, 0.00162621]), array([0.01202378, 0.00893951, 0.00751052, 0.00681827, 0.00640547,
       0.00610109, 0.00583598, 0.00558609, 0.00535926, 0.00516562,
       0.00499827, 0.00484843, 0.00470577, 0.00456237, 0.0044115 ,
       0.00425596, 0.00409971, 0.00394301, 0.00378703, 0.00364125,
       0.00349982, 0.00336107, 0.00322276, 0.00308131, 0.00293698,
       0.00279334, 0.00265655, 0.00253155, 0.002417  , 0.0023128 ,
       0.00221809, 0.00213311, 0.0020579 , 0.00199153, 0.00193305,
       0.00188236, 0.00183837, 0.00180084, 0.00176848, 0.00174135,
       0.00171877, 0.00170005, 0.00168495, 0.00167265, 0.00166274,
       0.00165504, 0.00164877, 0.00164384, 0.00164007, 0.00163705,
       0.00163459, 0.00163273, 0.0016314 , 0.00163038, 0.0016295 ,
       0.00162879, 0.00162817, 0.00162764, 0.00162729, 0.00162702,
       0.00162682, 0.00162667, 0.00162656, 0.00162647, 0.0016264 ,
       0.00162635, 0.00162631, 0.00162628, 0.00162625, 0.00162623,
       0.00162622, 0.00162621]), array([0.01202378, 0.00893951, 0.00751052, 0.00681827, 0.00640547,
       0.00610109, 0.00583598, 0.00558609, 0.00535926, 0.00516562,
       0.00499827, 0.00484843, 0.00470577, 0.00456237, 0.0044115 ,
       0.00425596, 0.00409971, 0.00394301, 0.00378703, 0.00364125,
       0.00349982, 0.00336107, 0.00322276, 0.00308131, 0.00293698,
       0.00279334, 0.00265655, 0.00253155, 0.002417  , 0.0023128 ,
       0.00221809, 0.00213311, 0.0020579 , 0.00199153, 0.00193305,
       0.00188236, 0.00183837, 0.00180084, 0.00176848, 0.00174135,
       0.00171877, 0.00170005, 0.00168495, 0.00167265, 0.00166274,
       0.00165504, 0.00164877, 0.00164384, 0.00164007, 0.00163705,
       0.00163459, 0.00163273, 0.0016314 , 0.00163038, 0.0016295 ,
       0.00162879, 0.00162817, 0.00162764, 0.00162729, 0.00162702,
       0.00162682, 0.00162667, 0.00162656, 0.00162647, 0.0016264 ,
       0.00162635, 0.00162631, 0.00162628, 0.00162625, 0.00162623,
       0.00162622, 0.00162621])]
