Noise: 0.1
Total times: [0.14487361907958984, 0.21782279014587402, 0.2079935073852539, 0.22730112075805664, 0.24248409271240234, 0.2030038833618164, 0.22945046424865723, 0.20682549476623535, 0.2132577896118164, 0.19618988037109375, 0.23335671424865723, 0.1983039379119873, 0.20278692245483398, 0.241288423538208, 0.2143876552581787, 0.22909808158874512, 0.2494518756866455, 0.23538780212402344, 0.24217486381530762, 0.2388138771057129, 0.22918438911437988, 0.26166224479675293, 0.20569157600402832, 0.29670047760009766, 0.3706178665161133]
Total rms: [array([0.01452353, 0.010114  , 0.00806421, 0.00727503, 0.00684874,
       0.00655785, 0.00636219, 0.00617236, 0.00601828, 0.00589158,
       0.00576055, 0.00562249, 0.0054957 , 0.00539276, 0.0052958 ,
       0.005201  , 0.00512823, 0.0050673 , 0.00500628, 0.00494348,
       0.00489269, 0.00485358, 0.00481524, 0.00477243, 0.00471297,
       0.00466255, 0.00462704, 0.00461434, 0.00460152, 0.00458423,
       0.00457085, 0.00454699, 0.00451286, 0.00448326, 0.00444503,
       0.00441828, 0.00439669, 0.00437363, 0.00435095, 0.00433303,
       0.0043164 , 0.00429868, 0.00428369, 0.00427443, 0.00425865,
       0.00424521, 0.0042283 , 0.00421094, 0.00418477, 0.00416134,
       0.00415006, 0.00414716, 0.00414681, 0.00414657, 0.00414629,
       0.00414605, 0.00414596, 0.0041459 , 0.00414576, 0.00414572,
       0.00414568, 0.00414568]), array([0.01454135, 0.01053743, 0.00847601, 0.00735049, 0.00678871,
       0.00644662, 0.00620128, 0.00594182, 0.0057401 , 0.00558703,
       0.0054643 , 0.00536198, 0.00527562, 0.00520437, 0.00515535,
       0.00512301, 0.00509387, 0.00505808, 0.00503203, 0.00501125,
       0.00499978, 0.0049867 , 0.00496836, 0.00494977, 0.00493397,
       0.00491892, 0.00490435, 0.00489128, 0.00486769, 0.00484291,
       0.00481891, 0.00478584, 0.00472211, 0.00466127, 0.00460989,
       0.00455657, 0.00450804, 0.0044694 , 0.00442213, 0.00438157,
       0.0043317 , 0.00429235, 0.00424868, 0.00421012, 0.00417262,
       0.00415011, 0.00414076, 0.00413748, 0.00413269, 0.00412846,
       0.00412764, 0.0041265 , 0.00412593, 0.004125  , 0.00412443,
       0.00412441, 0.00412437, 0.00412419, 0.00412394, 0.00412369,
       0.00412365, 0.00412365]), array([0.01373693, 0.00996715, 0.00838844, 0.00732616, 0.00669829,
       0.00625245, 0.00593742, 0.00565984, 0.00548148, 0.00534387,
       0.00522053, 0.00508326, 0.00494967, 0.00479521, 0.00469552,
       0.00461337, 0.00455478, 0.00450572, 0.00445419, 0.00439755,
       0.00432509, 0.0042825 , 0.00424079, 0.00419742, 0.00414632,
       0.00412374, 0.00410801, 0.00409176, 0.00407836, 0.00406854,
       0.00405999, 0.00405625, 0.00405384, 0.00405004, 0.00404918,
       0.00404866, 0.00404825, 0.00404749, 0.00404679, 0.00404651,
       0.00404607, 0.00404528, 0.00404429, 0.00404181, 0.00403812,
       0.00403435, 0.0040287 , 0.00402496, 0.00402395, 0.00402332,
       0.00402329, 0.00402326, 0.0040232 , 0.0040232 ]), array([0.01471185, 0.01021758, 0.00847587, 0.00755007, 0.00700195,
       0.00659131, 0.00634118, 0.00615113, 0.00595476, 0.00574605,
       0.00553667, 0.00537851, 0.00528961, 0.00524303, 0.00520437,
       0.00517716, 0.0051492 , 0.0051245 , 0.00509142, 0.00504944,
       0.00499519, 0.00492581, 0.00485911, 0.00480895, 0.0047488 ,
       0.00468807, 0.00461749, 0.00453681, 0.00448113, 0.00442383,
       0.00435601, 0.00429656, 0.00424998, 0.00420936, 0.00418565,
       0.00415567, 0.00412977, 0.0040991 , 0.00408866, 0.00408164,
       0.00407912, 0.00407818, 0.0040776 , 0.00407704, 0.00407655,
       0.00407513, 0.00407349, 0.00407175, 0.00406926, 0.00406742,
       0.00406459, 0.00406172, 0.00405831, 0.00405598, 0.00405502,
       0.0040545 , 0.0040533 , 0.00405222, 0.00405162, 0.00405158,
       0.00405153, 0.00405153]), array([0.01368013, 0.00971821, 0.00804223, 0.00738369, 0.00700651,
       0.00667317, 0.00637757, 0.0061964 , 0.00601109, 0.00577975,
       0.00560354, 0.00546381, 0.00537778, 0.00531157, 0.00525667,
       0.00521056, 0.00516927, 0.00513859, 0.00511573, 0.00508665,
       0.00507262, 0.005064  , 0.0050582 , 0.00504999, 0.00502772,
       0.0050082 , 0.00498955, 0.00496017, 0.00493619, 0.00490737,
       0.00487255, 0.0048284 , 0.0047846 , 0.00474091, 0.00468187,
       0.00461067, 0.00452072, 0.00443666, 0.0043449 , 0.00424965,
       0.00418723, 0.00414984, 0.004125  , 0.00410816, 0.00409401,
       0.00407974, 0.00406668, 0.00405391, 0.00404264, 0.00403467,
       0.00402343, 0.00400888, 0.00399731, 0.00399213, 0.00398461,
       0.00397801, 0.00397531, 0.00397418, 0.00397143, 0.00396824,
       0.00396659, 0.00396355, 0.00395513, 0.00393938, 0.0039287 ,
       0.00391734, 0.00390614, 0.00390092, 0.00389997, 0.00389993,
       0.00389986, 0.00389974, 0.00389973, 0.00389973]), array([0.01451765, 0.01028535, 0.00820935, 0.0070781 , 0.00661341,
       0.00642285, 0.00627474, 0.00615851, 0.00600009, 0.00579192,
       0.00557232, 0.00535956, 0.00516922, 0.00503999, 0.00493922,
       0.00485881, 0.00479141, 0.00471792, 0.00466586, 0.00462386,
       0.00458725, 0.00456381, 0.00454493, 0.00453293, 0.00452405,
       0.00451639, 0.00450275, 0.00448605, 0.00445441, 0.00443097,
       0.00438267, 0.00434049, 0.00429668, 0.00424222, 0.00419621,
       0.00415577, 0.00413396, 0.00411292, 0.00408333, 0.00404492,
       0.00401673, 0.00400315, 0.0039975 , 0.00399277, 0.00398975,
       0.00398881, 0.0039886 , 0.0039886 ]), array([0.01511879, 0.01082118, 0.00828008, 0.00717524, 0.00672952,
       0.00648772, 0.00632603, 0.0061535 , 0.00596332, 0.00583193,
       0.00573916, 0.00566214, 0.00559707, 0.00556562, 0.00554064,
       0.00551932, 0.00549472, 0.00545614, 0.00541268, 0.00536162,
       0.00528097, 0.00519979, 0.0051176 , 0.00502065, 0.00493527,
       0.00488013, 0.00484137, 0.00480153, 0.00475363, 0.00474414,
       0.00473325, 0.00471747, 0.00469952, 0.00467801, 0.00464678,
       0.00461564, 0.0045925 , 0.00456805, 0.00455896, 0.00455261,
       0.0045451 , 0.00453757, 0.00453257, 0.00452803, 0.00452456,
       0.00452383, 0.00452327, 0.00452101, 0.00451496, 0.00450385,
       0.00449944, 0.00449688, 0.00449528, 0.00449436, 0.00449307,
       0.00448976, 0.00448849, 0.00448764, 0.00448703, 0.00448503,
       0.00448317, 0.0044824 , 0.00448155, 0.00448146, 0.00448145]), array([0.01596393, 0.01097334, 0.00812322, 0.00687035, 0.00627294,
       0.00588417, 0.00564615, 0.00546752, 0.00527797, 0.00513229,
       0.00504074, 0.00494969, 0.00488175, 0.00482657, 0.00477975,
       0.00475058, 0.00473267, 0.00471654, 0.00469011, 0.00465314,
       0.00459541, 0.00454223, 0.00450235, 0.0044681 , 0.00442344,
       0.0043864 , 0.00436361, 0.00435014, 0.0043423 , 0.00433987,
       0.00433916, 0.00433625, 0.00433424, 0.00433288, 0.00433097,
       0.00433025, 0.00433013, 0.00432997, 0.00432993, 0.00432993]), array([0.01443616, 0.01010682, 0.00840123, 0.00773474, 0.00724661,
       0.00688727, 0.00664749, 0.00646412, 0.00633217, 0.00623155,
       0.00612941, 0.00601063, 0.00588658, 0.00572806, 0.00560874,
       0.00547589, 0.00533663, 0.00518668, 0.00503664, 0.00487655,
       0.00474701, 0.00464797, 0.0045455 , 0.00445824, 0.00439552,
       0.00434347, 0.00429155, 0.004239  , 0.00418852, 0.004149  ,
       0.00412159, 0.00409924, 0.0040779 , 0.00405119, 0.00402337,
       0.00399059, 0.00395374, 0.00392565, 0.00389885, 0.00388035,
       0.00385657, 0.00383991, 0.0038328 , 0.00382702, 0.00382226,
       0.00382123, 0.00382048, 0.0038198 , 0.00381965, 0.00381962,
       0.00381953, 0.00381953]), array([0.01450524, 0.0100403 , 0.00823973, 0.0073112 , 0.00683208,
       0.00649475, 0.0062437 , 0.00599745, 0.00580076, 0.00561349,
       0.00546818, 0.00537367, 0.00526886, 0.00514537, 0.00504054,
       0.00497164, 0.0049324 , 0.00490864, 0.00488023, 0.00484812,
       0.00481816, 0.00478212, 0.00473568, 0.00470727, 0.00467174,
       0.0046219 , 0.00457523, 0.00454098, 0.00449264, 0.0044377 ,
       0.00438285, 0.00431578, 0.0042536 , 0.0041943 , 0.00413752,
       0.00408136, 0.00405699, 0.00404721, 0.00404206, 0.00404028,
       0.00403923, 0.00403854, 0.00403854]), array([0.01455737, 0.01061429, 0.00852989, 0.00754773, 0.00688467,
       0.00637491, 0.00600449, 0.00576931, 0.005576  , 0.00539919,
       0.00524799, 0.00514264, 0.00508009, 0.00502505, 0.00496482,
       0.00490547, 0.00486414, 0.0048202 , 0.00476957, 0.00472936,
       0.0047028 , 0.00467574, 0.00463735, 0.00460988, 0.00457153,
       0.00454166, 0.00451863, 0.00450351, 0.0044867 , 0.00447501,
       0.00446319, 0.00445516, 0.00444995, 0.00444471, 0.00443337,
       0.00442279, 0.00441386, 0.00440269, 0.00439158, 0.00437728,
       0.00436889, 0.00435999, 0.00434597, 0.00432772, 0.00431263,
       0.00429698, 0.00428837, 0.00428109, 0.00427803, 0.00427717,
       0.00427642, 0.00427449, 0.00427276, 0.00426949, 0.00426693,
       0.00426211, 0.00425775, 0.00425542, 0.00425468, 0.00425424,
       0.00425415, 0.00425394, 0.00425394]), array([0.0139148 , 0.01081153, 0.00932379, 0.00832323, 0.0076467 ,
       0.00710633, 0.0067607 , 0.00649067, 0.00623983, 0.00596869,
       0.00575547, 0.00554816, 0.00537368, 0.00524147, 0.00515616,
       0.00510018, 0.00503042, 0.00497906, 0.0049334 , 0.00488836,
       0.00483615, 0.00477578, 0.00469591, 0.00461792, 0.00453451,
       0.00445503, 0.00438711, 0.00433675, 0.004294  , 0.004267  ,
       0.00424845, 0.00422999, 0.00421948, 0.00420787, 0.00420142,
       0.00419834, 0.00419593, 0.0041936 , 0.00419306, 0.0041928 ,
       0.00419276, 0.00419276]), array([0.01496625, 0.01050846, 0.00839947, 0.00738939, 0.00683529,
       0.00648395, 0.00613724, 0.00583998, 0.00558905, 0.00539966,
       0.00525748, 0.00513004, 0.00500268, 0.0049    , 0.00482612,
       0.00477149, 0.00473899, 0.0047113 , 0.00468046, 0.00464789,
       0.00461593, 0.00455199, 0.00447948, 0.00442453, 0.00438754,
       0.00435025, 0.00431635, 0.0042893 , 0.00426142, 0.00424584,
       0.00423603, 0.00422869, 0.00421407, 0.00420127, 0.00418952,
       0.00417905, 0.00416975, 0.00415783, 0.00413548, 0.00410973,
       0.00409537, 0.00409171, 0.00409069, 0.00409058, 0.00409058]), array([0.01340101, 0.00992375, 0.00827802, 0.0074592 , 0.00679264,
       0.00632103, 0.0060366 , 0.00582042, 0.0056812 , 0.00553438,
       0.00537575, 0.0052116 , 0.00510078, 0.00502141, 0.00495105,
       0.00484039, 0.00473619, 0.00467115, 0.00462747, 0.00457287,
       0.0045149 , 0.00448384, 0.00445493, 0.00443413, 0.00441561,
       0.00439954, 0.00437879, 0.00437063, 0.00436378, 0.00435269,
       0.00434564, 0.00433702, 0.00432808, 0.00431249, 0.00428911,
       0.00426902, 0.00425374, 0.00424503, 0.00423982, 0.00423425,
       0.00422889, 0.00422641, 0.00422153, 0.00421358, 0.00420793,
       0.00419794, 0.00419302, 0.00418869, 0.00418339, 0.00417842,
       0.00417283, 0.00416933, 0.00416816, 0.00416726, 0.00416648,
       0.0041655 , 0.00416462, 0.00416237, 0.00416062, 0.00415952,
       0.00415911, 0.00415872, 0.00415832, 0.00415805, 0.00415785,
       0.0041578 , 0.0041578 ]), array([0.01491869, 0.01066812, 0.00870022, 0.00750972, 0.00681271,
       0.00643279, 0.00619477, 0.00603075, 0.0058431 , 0.00567017,
       0.00554357, 0.00544066, 0.00537752, 0.00531566, 0.00525666,
       0.00518765, 0.00511903, 0.0050498 , 0.00499888, 0.00495992,
       0.00491161, 0.00486727, 0.00483811, 0.00481397, 0.00476164,
       0.0047241 , 0.00469741, 0.00467535, 0.00465897, 0.00464946,
       0.00463985, 0.00463404, 0.00463135, 0.00462683, 0.00461968,
       0.0046157 , 0.004609  , 0.00459999, 0.0045957 , 0.00459432,
       0.00459284, 0.0045881 , 0.00457843, 0.00457199, 0.00457059,
       0.00456976, 0.0045696 , 0.00456904, 0.00456858, 0.00456812,
       0.00456811]), array([0.01430325, 0.01086781, 0.00907449, 0.00810841, 0.00743508,
       0.00699532, 0.00659424, 0.00617833, 0.00583781, 0.00560958,
       0.00548732, 0.00540998, 0.00537036, 0.00532447, 0.00526166,
       0.00518469, 0.00510584, 0.00502664, 0.00496571, 0.00492625,
       0.00488808, 0.00484639, 0.00480276, 0.00476175, 0.00473412,
       0.0047151 , 0.00469364, 0.00467716, 0.00465833, 0.00463343,
       0.0046079 , 0.00459063, 0.00457709, 0.00455632, 0.00452669,
       0.0045039 , 0.00448739, 0.00447329, 0.00444469, 0.00442157,
       0.00441023, 0.00440501, 0.00440359, 0.00440311, 0.00440268,
       0.00440155, 0.00439731, 0.00438725, 0.00438153, 0.00437926,
       0.00437825, 0.00437792, 0.00437766, 0.00437753, 0.00437734,
       0.00437721, 0.00437701, 0.004377  , 0.004377  ]), array([0.01437142, 0.01109956, 0.00932093, 0.00815622, 0.00741106,
       0.0070465 , 0.00675877, 0.0064608 , 0.00613891, 0.00585196,
       0.00561046, 0.00544997, 0.00534415, 0.00526388, 0.00515683,
       0.00503794, 0.00495566, 0.00488984, 0.00485848, 0.0048191 ,
       0.0047757 , 0.00472917, 0.00470297, 0.00467176, 0.00464947,
       0.00462964, 0.00462104, 0.00461533, 0.0046129 , 0.00460593,
       0.0046016 , 0.00459635, 0.00459081, 0.00458809, 0.0045853 ,
       0.00458404, 0.00458165, 0.00457074, 0.00455959, 0.00454956,
       0.00454401, 0.00453966, 0.00453481, 0.00452278, 0.00449492,
       0.00445223, 0.00442122, 0.00439092, 0.00435963, 0.0043271 ,
       0.00430727, 0.00429627, 0.00428967, 0.00428521, 0.00427817,
       0.00427538, 0.00427341, 0.00426867, 0.00426603, 0.00426251,
       0.0042561 , 0.00424779, 0.00423921, 0.00423366, 0.00422808,
       0.00422279, 0.00422085, 0.00422063, 0.00421976, 0.00421835,
       0.00421789, 0.00421787, 0.00421787]), array([0.01409617, 0.00993714, 0.00820649, 0.0073938 , 0.0069168 ,
       0.00661541, 0.00638634, 0.00625251, 0.00612916, 0.00590475,
       0.00568927, 0.0055527 , 0.0054416 , 0.00535799, 0.00527006,
       0.0051902 , 0.00513456, 0.00508035, 0.00500909, 0.00494945,
       0.00489276, 0.00483098, 0.00477161, 0.00473236, 0.00468953,
       0.00463393, 0.00458213, 0.00454596, 0.00452737, 0.00451771,
       0.00451369, 0.00450887, 0.00450587, 0.00450452, 0.00450314,
       0.00450182, 0.00450153, 0.00450108, 0.0045009 , 0.00450088,
       0.0045008 , 0.00450066, 0.00450033, 0.00449954, 0.00449763,
       0.0044962 , 0.00449399, 0.0044901 , 0.00448562, 0.00448113,
       0.00447572, 0.0044719 , 0.00446572, 0.00445675, 0.00444933,
       0.00444294, 0.0044362 , 0.00442986, 0.00442887, 0.00442817,
       0.00442814, 0.00442814]), array([0.01550936, 0.01017585, 0.00833618, 0.00753027, 0.00716761,
       0.00694635, 0.00679071, 0.00660111, 0.00640422, 0.00620199,
       0.00599401, 0.0057702 , 0.00551685, 0.00536815, 0.00525788,
       0.0051991 , 0.00515749, 0.00512286, 0.00508989, 0.00504391,
       0.00500157, 0.00495799, 0.00490864, 0.00485948, 0.00480704,
       0.00475729, 0.00472331, 0.00469108, 0.00464571, 0.00461309,
       0.00458409, 0.00456822, 0.00456216, 0.00455026, 0.00454382,
       0.00453171, 0.00451961, 0.00451273, 0.00450886, 0.00450636,
       0.00450299, 0.00449901, 0.00449277, 0.00448615, 0.0044804 ,
       0.00446749, 0.00445933, 0.00445402, 0.00445042, 0.00444614,
       0.00444213, 0.00443764, 0.00443184, 0.00442277, 0.00441761,
       0.00441169, 0.00440737, 0.00440657, 0.00440638, 0.00440631,
       0.00440627, 0.0044062 , 0.00440607, 0.00440591, 0.00440589,
       0.00440589]), array([0.01375561, 0.01043918, 0.00905345, 0.00826825, 0.00778879,
       0.00731898, 0.00684948, 0.00638213, 0.00601683, 0.00574683,
       0.0055904 , 0.00541086, 0.00521192, 0.00511428, 0.00501404,
       0.00496858, 0.00493135, 0.00489507, 0.00483117, 0.00475268,
       0.0047087 , 0.00467657, 0.00465108, 0.00462426, 0.0045999 ,
       0.00457806, 0.00454764, 0.00451435, 0.00446219, 0.00442156,
       0.0043891 , 0.00436909, 0.00436003, 0.00435431, 0.00435106,
       0.00434991, 0.00434794, 0.00434573, 0.00434167, 0.00433798,
       0.00433194, 0.00432354, 0.0043198 , 0.00431739, 0.00431447,
       0.00430938, 0.00430373, 0.00430139, 0.00429838, 0.0042955 ,
       0.00429227, 0.00428859, 0.00428651, 0.00428541, 0.00428471,
       0.00428463, 0.00428432, 0.00428354, 0.00428297, 0.00428238,
       0.00428188, 0.00428099, 0.00428071, 0.00428071]), array([0.01526053, 0.01054127, 0.0086629 , 0.00766911, 0.00718532,
       0.00683119, 0.00656246, 0.00631754, 0.00616144, 0.0060704 ,
       0.00600311, 0.00595315, 0.00591297, 0.00587568, 0.00583738,
       0.00575928, 0.00564613, 0.00550495, 0.00540071, 0.00533378,
       0.0052483 , 0.00512082, 0.00500528, 0.00493591, 0.00486155,
       0.00480106, 0.00473266, 0.00468175, 0.00460388, 0.00455334,
       0.00453409, 0.0045033 , 0.00446955, 0.0044552 , 0.00444541,
       0.00443785, 0.00442969, 0.0044069 , 0.00436645, 0.00434202,
       0.00433559, 0.00433065, 0.00432612, 0.00431865, 0.00431183,
       0.0043072 , 0.00430347, 0.0042975 , 0.0042919 , 0.00428417,
       0.00427925, 0.0042759 , 0.00427303, 0.00427077, 0.00426991,
       0.00426985, 0.00426985]), array([0.01461612, 0.01057976, 0.00879224, 0.00775467, 0.00705485,
       0.00665949, 0.00639151, 0.00621614, 0.00609762, 0.00601018,
       0.00595601, 0.00591038, 0.00583428, 0.00575024, 0.00569631,
       0.00563067, 0.00555616, 0.00549293, 0.00543995, 0.00539713,
       0.00536884, 0.00532509, 0.00522765, 0.00510144, 0.00497606,
       0.00487182, 0.00480522, 0.00477505, 0.00474758, 0.0047204 ,
       0.00468924, 0.00467791, 0.00466488, 0.00465328, 0.00464139,
       0.00462864, 0.00461188, 0.0045921 , 0.00456784, 0.00452426,
       0.00447632, 0.0044376 , 0.00439865, 0.00435154, 0.00433428,
       0.00432167, 0.00431258, 0.00430705, 0.00430212, 0.00429787,
       0.00429411, 0.00428633, 0.00427718, 0.00426973, 0.00426336,
       0.00426083, 0.00426051, 0.00425984, 0.00425874, 0.00425779,
       0.00425745, 0.00425724, 0.00425695, 0.00425664, 0.00425536,
       0.00425453, 0.00425434, 0.00425434]), array([0.01593371, 0.01086986, 0.00880532, 0.00781801, 0.00727814,
       0.00686522, 0.00650551, 0.00625959, 0.00608604, 0.00587572,
       0.00567944, 0.00546976, 0.00527845, 0.00511754, 0.00500601,
       0.00493102, 0.00486915, 0.00481446, 0.00475613, 0.00470346,
       0.00466541, 0.00463389, 0.00461133, 0.00459863, 0.00459026,
       0.00458683, 0.00458365, 0.00458197, 0.00458106, 0.004581  ,
       0.004581  ]), array([0.01488744, 0.01189061, 0.01032794, 0.00901834, 0.00789601,
       0.0072627 , 0.00686343, 0.00656806, 0.00637028, 0.0061908 ,
       0.00603727, 0.00588299, 0.00579157, 0.00572704, 0.00563885,
       0.00556366, 0.00552479, 0.00548618, 0.00545424, 0.00542442,
       0.00538479, 0.00532555, 0.00526587, 0.00519634, 0.0051425 ,
       0.00509876, 0.00506293, 0.00503332, 0.00501315, 0.00499336,
       0.00496333, 0.00493326, 0.00487776, 0.00481608, 0.00474459,
       0.00469598, 0.00464778, 0.00461136, 0.00458494, 0.00456138,
       0.00454518, 0.00452761, 0.00450903, 0.0044972 , 0.00449112,
       0.00448327, 0.00447794, 0.00447288, 0.0044684 , 0.00446625,
       0.00446457, 0.00446368, 0.00446345, 0.00446338, 0.00446322,
       0.00446303, 0.00446254, 0.0044624 , 0.0044624 ]), array([0.01490144, 0.00997576, 0.00814282, 0.00712314, 0.00645271,
       0.00603443, 0.0058037 , 0.00565285, 0.00555892, 0.00551414,
       0.00547492, 0.00543998, 0.00539497, 0.00533225, 0.00530739,
       0.00528665, 0.00526182, 0.0052355 , 0.00521384, 0.0051907 ,
       0.00517335, 0.00514154, 0.00511488, 0.00508681, 0.00505619,
       0.00501952, 0.00498234, 0.00494319, 0.00488153, 0.00481853,
       0.00478902, 0.00477665, 0.00476656, 0.00475446, 0.00473793,
       0.00471898, 0.00470583, 0.00468872, 0.00467711, 0.0046698 ,
       0.00466435, 0.00465997, 0.00465697, 0.00465067, 0.00464207,
       0.00463027, 0.00462472, 0.00461963, 0.00461733, 0.00461626,
       0.00461456, 0.0046128 , 0.00461032, 0.00460482, 0.00459965,
       0.00459315, 0.00457675, 0.00456347, 0.0045589 , 0.00454869,
       0.00454077, 0.00453635, 0.00453239, 0.00452577, 0.00452283,
       0.00451485, 0.00450028, 0.00448832, 0.00447606, 0.00446747,
       0.00446082, 0.0044566 , 0.00445007, 0.00444775, 0.00444465,
       0.00444231, 0.00444142, 0.00444074, 0.00444073, 0.00444073])]

Noise: 0.25
Total times: [0.42254114151000977, 0.48126220703125, 0.4180877208709717, 0.4157748222351074, 0.4553394317626953, 0.5094554424285889, 0.4787468910217285, 0.4246509075164795, 0.4765150547027588, 0.38626933097839355, 0.4320056438446045, 0.4590303897857666, 0.50888991355896, 0.40590524673461914, 0.3795351982116699, 0.5036177635192871, 0.38164305686950684, 0.4500770568847656, 0.4936797618865967, 0.4393961429595947, 0.37411046028137207, 0.4594137668609619, 0.5407919883728027, 0.42609643936157227, 0.5736708641052246]
Total rms: [array([0.01500107, 0.01173157, 0.00976532, 0.00820572, 0.00708081,
       0.00647496, 0.00615637, 0.00598832, 0.0058581 , 0.00576969,
       0.00570204, 0.00562556, 0.00557285, 0.00553358, 0.00548657,
       0.0054349 , 0.00536109, 0.00528974, 0.00519252, 0.005097  ,
       0.00506646, 0.00503803, 0.00499302, 0.00493886, 0.00490471,
       0.00488007, 0.00485895, 0.00484347, 0.00481679, 0.00478046,
       0.00473298, 0.00469681, 0.00467286, 0.00464879, 0.00463047,
       0.00462439, 0.00461998, 0.00461645, 0.00461389, 0.00461138,
       0.00460987, 0.00460722, 0.0046063 , 0.00460503, 0.0046037 ,
       0.00459936, 0.00459251, 0.00459065, 0.00458924, 0.00458814,
       0.00458767, 0.00458737, 0.00458733, 0.00458733]), array([0.01528244, 0.01145588, 0.00952187, 0.00817231, 0.00736159,
       0.00678526, 0.00644947, 0.00620418, 0.00607603, 0.00599302,
       0.00590863, 0.00584741, 0.00579809, 0.00574151, 0.00567055,
       0.00561885, 0.0055869 , 0.00556572, 0.0055411 , 0.00551178,
       0.00549459, 0.00548271, 0.00546536, 0.00544965, 0.00543497,
       0.00541677, 0.00538868, 0.00537018, 0.00536246, 0.00535453,
       0.00534192, 0.00532871, 0.00532083, 0.00530678, 0.00529466,
       0.00526933, 0.00523859, 0.00520544, 0.00517291, 0.00515365,
       0.00513061, 0.00511455, 0.00509207, 0.00507017, 0.00504582,
       0.00502962, 0.00502392, 0.00501979, 0.00501455, 0.00500985,
       0.00500404, 0.00500052, 0.00499935, 0.00499887, 0.00499811,
       0.00499737, 0.0049964 , 0.00499569, 0.00499474, 0.00499391,
       0.00499356, 0.00499308, 0.00499121, 0.00499046, 0.00499032,
       0.00499019, 0.00499019]), array([0.014711  , 0.01156611, 0.00990529, 0.00870967, 0.00792068,
       0.00745922, 0.00716403, 0.00694821, 0.00679309, 0.00658958,
       0.00637904, 0.00625112, 0.00613703, 0.00605164, 0.00599897,
       0.00593569, 0.00586307, 0.00577852, 0.00566782, 0.00554482,
       0.00545889, 0.00539509, 0.0053274 , 0.00526626, 0.00522872,
       0.00520316, 0.00518057, 0.00516977, 0.00515561, 0.0051483 ,
       0.00514378, 0.00513965, 0.00513749, 0.00513456, 0.00513179,
       0.00513008, 0.00512856, 0.00512811, 0.00512797, 0.00512791,
       0.00512787, 0.00512787]), array([0.01582881, 0.0122242 , 0.01005373, 0.00846736, 0.00753303,
       0.00698746, 0.00667421, 0.00640688, 0.00618177, 0.00598609,
       0.0058256 , 0.00568572, 0.00557206, 0.00548815, 0.00541281,
       0.0053478 , 0.0052802 , 0.00520095, 0.00514123, 0.00508346,
       0.00504496, 0.0049958 , 0.00493424, 0.00489769, 0.00487422,
       0.00485884, 0.00484567, 0.00482848, 0.00481036, 0.00478819,
       0.00477408, 0.00476184, 0.00475013, 0.00473411, 0.00471033,
       0.00469077, 0.00468506, 0.0046801 , 0.00467789, 0.00467629,
       0.00467523, 0.00467453, 0.00467443, 0.00467443]), array([0.0150819 , 0.01048045, 0.0089043 , 0.00789745, 0.0071041 ,
       0.00654825, 0.00617273, 0.00593465, 0.00574474, 0.00552987,
       0.00541337, 0.00529165, 0.00519699, 0.00511583, 0.00504372,
       0.00499469, 0.00496743, 0.00493953, 0.00491619, 0.00490049,
       0.00488811, 0.00487573, 0.0048664 , 0.00485478, 0.00483661,
       0.00482164, 0.00481553, 0.00481282, 0.00480976, 0.00480485,
       0.00479683, 0.00478788, 0.00478055, 0.00476768, 0.00475487,
       0.00474855, 0.00474441, 0.00473999, 0.00473377, 0.00472528,
       0.00471692, 0.00470859, 0.00469518, 0.00468593, 0.00468242,
       0.00467994, 0.00467694, 0.00467432, 0.00467091, 0.004666  ,
       0.00466367, 0.00466227, 0.00466047, 0.00465535, 0.00465004,
       0.00464612, 0.00464473, 0.00464471, 0.00464471]), array([0.01582097, 0.01155038, 0.00960362, 0.00857952, 0.00807428,
       0.00758377, 0.00703415, 0.00663353, 0.0063063 , 0.00609554,
       0.00597045, 0.00586122, 0.00578445, 0.00573023, 0.00567245,
       0.0056229 , 0.00557929, 0.00554301, 0.00550455, 0.00547255,
       0.00544105, 0.00542122, 0.00540567, 0.0053795 , 0.00535607,
       0.00534139, 0.00532332, 0.0052945 , 0.0052638 , 0.00523924,
       0.00521861, 0.00520381, 0.00517696, 0.00515365, 0.00513843,
       0.00513103, 0.00511756, 0.00510941, 0.00510255, 0.00509861,
       0.00509735, 0.00509457, 0.00509221, 0.00509073, 0.00508984,
       0.00508959, 0.00508879, 0.00508795, 0.00508767, 0.0050871 ,
       0.00508464, 0.00508128, 0.00507629, 0.00506835, 0.00505415,
       0.00503911, 0.00502539, 0.00501228, 0.00499923, 0.00498358,
       0.0049774 , 0.00497098, 0.00496496, 0.00495774, 0.0049506 ,
       0.00494354, 0.00493929, 0.0049345 , 0.00493274, 0.00493085,
       0.00492919, 0.00492626, 0.00492473, 0.00492435, 0.00492422,
       0.00492409, 0.00492396, 0.00492396]), array([0.01566703, 0.01165226, 0.01020706, 0.00942659, 0.00879671,
       0.00797109, 0.00729239, 0.00683657, 0.00646703, 0.00616949,
       0.00598865, 0.00587614, 0.00579954, 0.00575761, 0.00571449,
       0.00568123, 0.00566354, 0.00564926, 0.0056316 , 0.00561266,
       0.00559973, 0.0055881 , 0.00557246, 0.00555596, 0.00554529,
       0.00553217, 0.00552051, 0.00551159, 0.00549443, 0.00547852,
       0.00546587, 0.00544738, 0.00543117, 0.00541077, 0.00538698,
       0.00534848, 0.00530374, 0.00526075, 0.00520062, 0.00514842,
       0.00510792, 0.00508036, 0.00506396, 0.00504772, 0.00503483,
       0.00501764, 0.00500313, 0.00499629, 0.00498655, 0.00497856,
       0.00497454, 0.00497046, 0.00496595, 0.0049571 , 0.00495053,
       0.00494789, 0.00494306, 0.00494066, 0.00493894, 0.00493617,
       0.00493456, 0.00493383, 0.00493367, 0.00493367]), array([0.01532143, 0.01198356, 0.01042405, 0.00917705, 0.00779761,
       0.00693344, 0.00657995, 0.00637481, 0.00620924, 0.00608925,
       0.00599129, 0.00592108, 0.00585329, 0.00580497, 0.00578022,
       0.00576056, 0.00572512, 0.00568899, 0.0056566 , 0.00563501,
       0.0055987 , 0.00556003, 0.00549593, 0.00542762, 0.00538627,
       0.00535211, 0.00531347, 0.0052823 , 0.00525694, 0.00522239,
       0.00519147, 0.00516962, 0.00515349, 0.0051361 , 0.00512471,
       0.00511161, 0.00509824, 0.00509004, 0.00508283, 0.00507128,
       0.00506725, 0.0050654 , 0.00506491, 0.00506435, 0.00506423,
       0.00506423]), array([0.01631158, 0.01259586, 0.01051802, 0.00937932, 0.00850814,
       0.00796331, 0.00762487, 0.0074005 , 0.00707922, 0.00676471,
       0.00651339, 0.00630012, 0.00611605, 0.00598104, 0.00587829,
       0.0057772 , 0.00569658, 0.00565056, 0.00560276, 0.00554588,
       0.00548784, 0.00542815, 0.005371  , 0.00534599, 0.00531913,
       0.00529436, 0.00527608, 0.0052579 , 0.00523852, 0.00521269,
       0.00519817, 0.00517755, 0.0051536 , 0.00513687, 0.00512376,
       0.00512136, 0.00512013, 0.00511685, 0.00511227, 0.0051058 ,
       0.00510086, 0.00509367, 0.00508109, 0.00506583, 0.0050582 ,
       0.0050525 , 0.00505036, 0.00504702, 0.00504365, 0.00504215,
       0.0050369 , 0.00502418, 0.00501472, 0.00500954, 0.00500725,
       0.00500591, 0.00500492, 0.00500378, 0.005003  , 0.00500285,
       0.00500285]), array([0.01760688, 0.0123629 , 0.01010569, 0.00837795, 0.00748059,
       0.00700095, 0.00676477, 0.00656355, 0.00630647, 0.00611615,
       0.00596857, 0.00582468, 0.00571122, 0.00560476, 0.00552967,
       0.00549081, 0.00546374, 0.00541987, 0.00536561, 0.00531605,
       0.00526405, 0.00520812, 0.00517449, 0.00516214, 0.005153  ,
       0.00514697, 0.00514361, 0.00514222, 0.00514138, 0.0051412 ,
       0.00514074, 0.00514024, 0.00514023]), array([0.01801064, 0.01182571, 0.00952487, 0.00844462, 0.00768628,
       0.00723003, 0.00693223, 0.00672316, 0.00653118, 0.00628809,
       0.00609631, 0.00599277, 0.0058943 , 0.00585122, 0.00581517,
       0.00577019, 0.00570811, 0.00564438, 0.00561066, 0.00558586,
       0.00556155, 0.0055475 , 0.00553876, 0.00553611, 0.00553206,
       0.00552403, 0.00551453, 0.00551022, 0.00550889, 0.005506  ,
       0.0055033 , 0.00550031, 0.00549428, 0.00549066, 0.00548209,
       0.00547562, 0.00547167, 0.00546695, 0.00546415, 0.00545871,
       0.00545494, 0.00545104, 0.00544558, 0.00544012, 0.00543593,
       0.00543377, 0.00543129, 0.00542966, 0.00542926, 0.00542901,
       0.00542889, 0.00542885, 0.00542885]), array([0.01799617, 0.01323052, 0.01066465, 0.00909548, 0.00835992,
       0.00789423, 0.00754331, 0.00728937, 0.00711263, 0.00695675,
       0.00679099, 0.00662623, 0.00645016, 0.00630777, 0.00617267,
       0.00603531, 0.00591244, 0.00585115, 0.00579843, 0.00574304,
       0.00569159, 0.00564956, 0.00560796, 0.00555964, 0.00551056,
       0.00545484, 0.00538996, 0.00532995, 0.00529524, 0.0052589 ,
       0.00522525, 0.00518353, 0.00515227, 0.00513424, 0.00511588,
       0.00509306, 0.0050843 , 0.00507663, 0.00507189, 0.00506987,
       0.00506737, 0.0050654 , 0.00506394, 0.00506208, 0.00506032,
       0.00505997, 0.00505907, 0.00505529, 0.00505121, 0.00504782,
       0.00504606, 0.00504499, 0.00504356, 0.00504203, 0.00504025,
       0.00503948, 0.00503895, 0.00503884, 0.00503884]), array([0.01729991, 0.01227995, 0.00974358, 0.00841994, 0.00758064,
       0.00707029, 0.0067715 , 0.00656796, 0.006358  , 0.00618239,
       0.00602846, 0.00589031, 0.00578986, 0.00568998, 0.00560966,
       0.00552466, 0.00544259, 0.00537567, 0.0053185 , 0.00528876,
       0.00526446, 0.00525181, 0.00524518, 0.00524246, 0.00524   ,
       0.00523649, 0.00523194, 0.00522507, 0.00521875, 0.00521432,
       0.00520723, 0.00519689, 0.00518967, 0.00518371, 0.00517937,
       0.00517334, 0.00517002, 0.00516064, 0.00514404, 0.00512504,
       0.00511604, 0.00510605, 0.00509348, 0.00506976, 0.00504325,
       0.00502838, 0.00501827, 0.00500697, 0.00499357, 0.00498092,
       0.00497061, 0.00496537, 0.00495884, 0.00495452, 0.004953  ,
       0.00495125, 0.00494997, 0.00494904, 0.00494691, 0.00494569,
       0.00494262, 0.00494022, 0.00493504, 0.00493284, 0.0049317 ,
       0.00493116, 0.00493044, 0.00492883, 0.00492548, 0.00491836,
       0.00491029, 0.00490161, 0.00488603, 0.00488032, 0.00487825,
       0.00487731, 0.00487686, 0.00487595, 0.00487518, 0.00487518]), array([0.0157506 , 0.01160916, 0.00952004, 0.00863097, 0.00801749,
       0.00758794, 0.00725762, 0.00688849, 0.00659604, 0.00632004,
       0.00614064, 0.00595717, 0.0058293 , 0.00574749, 0.00566642,
       0.00561832, 0.00559364, 0.00556705, 0.00553065, 0.00547152,
       0.00541772, 0.00538751, 0.00535357, 0.00532411, 0.00529504,
       0.00527099, 0.00526345, 0.0052595 , 0.00525794, 0.00525748,
       0.00525705, 0.00525667, 0.00525643, 0.00525577, 0.00525439,
       0.00525368, 0.00525304, 0.00525271, 0.00525267, 0.00525267]), array([0.01563574, 0.01106905, 0.00890819, 0.00781446, 0.00718756,
       0.00675016, 0.00641194, 0.00610488, 0.0058857 , 0.00574671,
       0.00562824, 0.00551957, 0.00543827, 0.00537421, 0.00530508,
       0.0052503 , 0.00521311, 0.00519126, 0.00517976, 0.00517165,
       0.00516188, 0.00515392, 0.00514504, 0.00514115, 0.00513384,
       0.00513151, 0.00512899, 0.00512699, 0.00512605, 0.00512498,
       0.00512438, 0.00512427, 0.00512427]), array([0.01624317, 0.01213136, 0.01019707, 0.00906681, 0.00832601,
       0.00777393, 0.00732379, 0.00691267, 0.00658192, 0.00632359,
       0.0061624 , 0.00603827, 0.00595164, 0.0058748 , 0.00582804,
       0.00573058, 0.00562753, 0.00552789, 0.00543185, 0.00537714,
       0.00532481, 0.00528426, 0.00522853, 0.00519202, 0.00516276,
       0.0051464 , 0.00513014, 0.00511543, 0.00509448, 0.00507922,
       0.00506825, 0.00505582, 0.00505097, 0.00504416, 0.00503833,
       0.00503433, 0.0050294 , 0.00502275, 0.00501556, 0.00500774,
       0.004998  , 0.00499304, 0.00498922, 0.00498251, 0.00497034,
       0.00495425, 0.00493838, 0.00492317, 0.00490954, 0.00490068,
       0.00489792, 0.00489754, 0.00489585, 0.00489326, 0.00489278,
       0.00489264, 0.0048922 , 0.00489193, 0.00489184, 0.0048918 ,
       0.0048918 ]), array([0.01613554, 0.01269541, 0.01066039, 0.00937351, 0.00838653,
       0.00778311, 0.00733415, 0.00701379, 0.00672185, 0.00637664,
       0.00604432, 0.00581514, 0.0057022 , 0.00561439, 0.00554545,
       0.00549724, 0.00546911, 0.00545191, 0.00543523, 0.00541887,
       0.00540677, 0.00540065, 0.00539498, 0.00538921, 0.0053847 ,
       0.00537966, 0.00537745, 0.00537506, 0.00536985, 0.00536824,
       0.00536761, 0.00536679, 0.00536642, 0.00536642]), array([0.01530634, 0.0123188 , 0.01064554, 0.0095883 , 0.00900511,
       0.00858802, 0.00818733, 0.00774908, 0.00740316, 0.00719885,
       0.00696527, 0.00681179, 0.00669236, 0.00654395, 0.00635305,
       0.0062158 , 0.00611944, 0.00603322, 0.00597064, 0.00591987,
       0.0058768 , 0.00583718, 0.005797  , 0.00574972, 0.00571859,
       0.00569239, 0.00566384, 0.00563598, 0.0056074 , 0.00556512,
       0.0055225 , 0.00546331, 0.0054372 , 0.00541232, 0.00535669,
       0.00529918, 0.005276  , 0.00526493, 0.00525377, 0.00524918,
       0.00524457, 0.00523706, 0.00523181, 0.00523038, 0.0052299 ,
       0.00522811, 0.00522764, 0.00522621, 0.00522441, 0.00522252,
       0.00522037, 0.00521886, 0.00521871, 0.00521861, 0.00521856,
       0.00521856]), array([0.0184928 , 0.01289121, 0.01013391, 0.00882611, 0.00795955,
       0.00735551, 0.00682716, 0.00639636, 0.00611369, 0.00596157,
       0.0058493 , 0.00577558, 0.00571205, 0.00567086, 0.00562095,
       0.00556725, 0.00552631, 0.00548507, 0.00545955, 0.00544221,
       0.00542594, 0.00540535, 0.00536915, 0.00532713, 0.00527548,
       0.00523403, 0.00521481, 0.00520662, 0.00519875, 0.0051949 ,
       0.00519137, 0.00518595, 0.00517894, 0.00517603, 0.00517363,
       0.00517225, 0.00517192, 0.00517098, 0.00516869, 0.00516675,
       0.00516321, 0.00515787, 0.00515119, 0.00514097, 0.0051294 ,
       0.0051253 , 0.0051192 , 0.00511597, 0.00511029, 0.00510265,
       0.0050946 , 0.00509118, 0.00508775, 0.00508027, 0.00507691,
       0.00507525, 0.00507233, 0.00506968, 0.00506505, 0.00506057,
       0.0050552 , 0.00505107, 0.00504829, 0.0050468 , 0.00504594,
       0.00504573, 0.00504563, 0.00504558, 0.00504554, 0.00504552,
       0.00504516, 0.00504504, 0.00504504]), array([0.01791747, 0.01299664, 0.01115435, 0.00995133, 0.00902191,
       0.00816363, 0.00765755, 0.00738526, 0.00717202, 0.00695207,
       0.00672564, 0.0066064 , 0.00654276, 0.00649475, 0.00646434,
       0.00643887, 0.00642451, 0.00640789, 0.00638028, 0.00634324,
       0.00630439, 0.00628141, 0.00623873, 0.00616257, 0.00609695,
       0.00601252, 0.00592378, 0.00582762, 0.00572914, 0.00562376,
       0.0055564 , 0.0055014 , 0.00547579, 0.00545464, 0.00544003,
       0.00543269, 0.00542733, 0.00542345, 0.0054198 , 0.00541696,
       0.00541616, 0.00541428, 0.00541054, 0.00539952, 0.00538682,
       0.00537526, 0.00535838, 0.00534886, 0.00534058, 0.00533641,
       0.00533466, 0.00533361, 0.0053328 , 0.00533232, 0.00533223,
       0.00533222, 0.00533222]), array([0.01669957, 0.01213698, 0.01037491, 0.0093235 , 0.00851708,
       0.00797504, 0.00754321, 0.0072134 , 0.00696904, 0.00680381,
       0.00653117, 0.00623276, 0.00603676, 0.00594884, 0.00591789,
       0.00589507, 0.00587403, 0.00585708, 0.00583902, 0.00582604,
       0.00581285, 0.00579736, 0.005786  , 0.00577774, 0.00577193,
       0.00576917, 0.00576862, 0.00576846, 0.00576845]), array([0.01794909, 0.01281341, 0.01071444, 0.00933064, 0.00858523,
       0.00811862, 0.00773743, 0.00742059, 0.00718414, 0.00701088,
       0.00687453, 0.00670262, 0.00657752, 0.0064841 , 0.00642737,
       0.0063817 , 0.0063219 , 0.00628766, 0.00625608, 0.00619308,
       0.00614559, 0.00610978, 0.00608715, 0.00605565, 0.0060317 ,
       0.00601165, 0.0059983 , 0.00598293, 0.00597466, 0.00596924,
       0.005965  , 0.00596027, 0.00595158, 0.00594226, 0.00593762,
       0.00593441, 0.00593081, 0.00592977, 0.00592782, 0.0059251 ,
       0.0059195 , 0.00591269, 0.00590835, 0.00590591, 0.00590189,
       0.00590119, 0.00590036, 0.0058996 , 0.00589892, 0.00589823,
       0.00589796, 0.00589787, 0.00589776, 0.00589769, 0.00589763,
       0.00589752, 0.00589745, 0.00589745]), array([0.01624012, 0.01276648, 0.011249  , 0.0102086 , 0.00946437,
       0.00898812, 0.00863135, 0.00821239, 0.00768835, 0.00723274,
       0.00686536, 0.00665568, 0.00650117, 0.00640713, 0.00634963,
       0.00629308, 0.00625274, 0.00622619, 0.00619565, 0.00616005,
       0.00612194, 0.00608842, 0.0060482 , 0.00600702, 0.0059664 ,
       0.00594274, 0.00592313, 0.00591024, 0.00590215, 0.00589717,
       0.0058912 , 0.00588017, 0.00586373, 0.0058471 , 0.00582926,
       0.00581602, 0.00579746, 0.00576596, 0.00574691, 0.0057339 ,
       0.00571126, 0.00569749, 0.005686  , 0.00567392, 0.005658  ,
       0.00564557, 0.00562951, 0.00561824, 0.00560829, 0.00559795,
       0.00558906, 0.00558387, 0.00558233, 0.00558058, 0.00557752,
       0.00557488, 0.00557255, 0.00557212, 0.00557175, 0.00557139,
       0.00557119, 0.00557111, 0.00557108, 0.00557102, 0.00557091,
       0.00557055, 0.00557003, 0.00556887, 0.00556759, 0.0055608 ,
       0.00555308, 0.00554401, 0.00553728, 0.00552718, 0.00551792,
       0.0055134 , 0.00551048, 0.00550843, 0.00550451, 0.00550214,
       0.0055003 , 0.0054986 , 0.00549785, 0.00549754, 0.00549749,
       0.00549747, 0.00549747]), array([0.01617343, 0.01304579, 0.01157278, 0.01045714, 0.00941708,
       0.0085396 , 0.00797313, 0.00759079, 0.00721674, 0.00693767,
       0.00667759, 0.00648399, 0.0063796 , 0.00625693, 0.00613538,
       0.00604173, 0.00595744, 0.00590267, 0.0058557 , 0.00580677,
       0.00579119, 0.00577705, 0.00576408, 0.00574498, 0.00571658,
       0.00568852, 0.00566972, 0.00565388, 0.00563329, 0.00561812,
       0.0056007 , 0.00557854, 0.00556311, 0.00555779, 0.00555397,
       0.00555029, 0.00554947, 0.00554885, 0.0055476 , 0.00554735,
       0.00554688, 0.00554673, 0.00554649, 0.00554641, 0.00554637,
       0.00554618, 0.00554611, 0.00554611]), array([0.01773026, 0.01308193, 0.01064659, 0.00920709, 0.00817986,
       0.00747337, 0.00701148, 0.00666922, 0.00645708, 0.0062857 ,
       0.00618029, 0.00610541, 0.00606394, 0.00602819, 0.00600962,
       0.00599949, 0.00599342, 0.00597804, 0.00596421, 0.005959  ,
       0.0059571 , 0.00595624, 0.00595395, 0.0059509 , 0.00594807,
       0.00594644, 0.00594346, 0.00593955, 0.00593705, 0.00593589,
       0.00593444, 0.00593407, 0.00593369, 0.00593258, 0.00593071,
       0.00592681, 0.0059212 , 0.00591791, 0.00591066, 0.00588772,
       0.00586429, 0.00584881, 0.00583015, 0.00580259, 0.00577415,
       0.00575125, 0.00574308, 0.00573496, 0.00571891, 0.00570479,
       0.00569824, 0.0056914 , 0.00568445, 0.00567317, 0.00566206,
       0.00563758, 0.00561457, 0.00560435, 0.00559601, 0.00559195,
       0.00558972, 0.00558838, 0.00558591, 0.00557224, 0.00556354,
       0.0055555 , 0.0055497 , 0.0055457 , 0.00554234, 0.00553797,
       0.00552826, 0.00552153, 0.00551841, 0.00551118, 0.00550574,
       0.00550072, 0.00549414, 0.00548912, 0.00548319, 0.0054802 ,
       0.00547815, 0.00547792, 0.00547788, 0.00547776, 0.00547766,
       0.00547764, 0.00547756, 0.00547721, 0.00547646, 0.00547448,
       0.00547234, 0.00546744, 0.0054646 , 0.00546328, 0.00545991,
       0.00545778, 0.00545422, 0.00545093, 0.00544867, 0.00544761])]

Noise: 0.5
Total times: [0.5890340805053711, 0.5290110111236572, 0.5831098556518555, 0.5784211158752441, 0.6312906742095947, 0.5836262702941895, 0.7202942371368408, 0.6245038509368896, 0.6035301685333252, 0.5676467418670654, 0.5790741443634033, 0.5756638050079346, 0.619673490524292, 0.523862361907959, 0.6039152145385742, 0.5462982654571533, 0.6088151931762695, 0.5744709968566895, 0.6817595958709717, 0.5642778873443604, 0.6247177124023438, 0.7356781959533691, 0.61273193359375, 0.5608353614807129, 0.540041446685791]
Total rms: [array([0.01819431, 0.01357121, 0.01119079, 0.00971096, 0.00882801,
       0.0081937 , 0.00782236, 0.00755365, 0.00732063, 0.00706236,
       0.00690807, 0.00683225, 0.00676113, 0.00667486, 0.00656763,
       0.00648089, 0.006395  , 0.00628236, 0.00618   , 0.00607949,
       0.00598707, 0.00592162, 0.00585761, 0.00578858, 0.00571255,
       0.00564161, 0.00559558, 0.00556785, 0.00555031, 0.00554097,
       0.00553766, 0.00553597, 0.00553449, 0.00552803, 0.00552233,
       0.00551709, 0.00551322, 0.00550947, 0.00550588, 0.00550468,
       0.00550435, 0.00550382, 0.00550352, 0.00550336, 0.00550331,
       0.00550331]), array([0.01924006, 0.01359899, 0.01169378, 0.01049675, 0.00942701,
       0.00865851, 0.00798618, 0.00749689, 0.00718881, 0.00689412,
       0.0066817 , 0.00652547, 0.0063554 , 0.00620061, 0.00602081,
       0.00591327, 0.00585513, 0.00582658, 0.00580322, 0.00578137,
       0.00576855, 0.00576378, 0.00575934, 0.0057538 , 0.00574918,
       0.0057418 , 0.0057385 , 0.00573664, 0.00573615, 0.00573615]), array([0.02090562, 0.01420691, 0.01139499, 0.0100364 , 0.00898302,
       0.00832295, 0.00793244, 0.00765113, 0.00737642, 0.00710772,
       0.0068406 , 0.00663267, 0.00649291, 0.00637372, 0.00625183,
       0.00617248, 0.00613097, 0.00609361, 0.00604353, 0.00602004,
       0.00599821, 0.00598317, 0.00596042, 0.00592786, 0.00589657,
       0.00587867, 0.00587257, 0.00586666, 0.00586044, 0.00585962,
       0.0058581 , 0.00585681, 0.00585642, 0.00585629, 0.00585629]), array([0.01944107, 0.01300517, 0.01066413, 0.00942775, 0.00857597,
       0.00798485, 0.00769808, 0.007495  , 0.00733094, 0.00722814,
       0.00714991, 0.00703789, 0.00693457, 0.00683387, 0.0067184 ,
       0.00665353, 0.00657601, 0.00652586, 0.00649244, 0.00647341,
       0.00644452, 0.00636556, 0.00631132, 0.00623843, 0.00617994,
       0.00611379, 0.00605365, 0.0060158 , 0.00598799, 0.00596211,
       0.00593649, 0.00592256, 0.00590991, 0.0058994 , 0.00589407,
       0.00589299, 0.00589203, 0.00589107, 0.00589026, 0.00588958,
       0.00588898, 0.00588888, 0.00588871, 0.00588846, 0.00588841,
       0.00588841]), array([0.01875075, 0.01467107, 0.01277336, 0.01182633, 0.01117157,
       0.010696  , 0.01013139, 0.00955819, 0.00880103, 0.00800887,
       0.0074931 , 0.00721263, 0.00699259, 0.00677657, 0.00666091,
       0.00655975, 0.00649927, 0.00643435, 0.00638128, 0.00635271,
       0.00633433, 0.00632369, 0.00631391, 0.00630142, 0.00628953,
       0.0062786 , 0.00626161, 0.00624369, 0.00623223, 0.00621889,
       0.00619494, 0.00617723, 0.00617197, 0.00616736, 0.00616274,
       0.0061573 , 0.0061491 , 0.00614325, 0.00613077, 0.00612217,
       0.0061002 , 0.00608835, 0.00607806, 0.00606838, 0.00605723,
       0.00604312, 0.00602574, 0.00600783, 0.00599783, 0.00599271,
       0.00598792, 0.00598555, 0.00598506, 0.00598425, 0.00598344,
       0.00598296, 0.0059813 , 0.00598054, 0.00598004, 0.00597986,
       0.00597964, 0.00597947, 0.00597944, 0.00597942, 0.00597942]), array([0.0179007 , 0.01405172, 0.01223418, 0.01122407, 0.01057473,
       0.01000367, 0.00950378, 0.00919969, 0.00905442, 0.00895   ,
       0.00883737, 0.00868155, 0.00851897, 0.00839017, 0.00822054,
       0.00802681, 0.00778081, 0.00758885, 0.00742856, 0.00726256,
       0.00711171, 0.00699679, 0.00688822, 0.00676409, 0.0066548 ,
       0.00656159, 0.00650063, 0.00643812, 0.00639028, 0.00632519,
       0.00628052, 0.00623427, 0.00620429, 0.00618326, 0.0061711 ,
       0.00616538, 0.006163  , 0.00616152, 0.00616064, 0.00615863,
       0.0061562 , 0.00615277, 0.00614919, 0.0061475 , 0.00614717,
       0.0061471 , 0.00614673, 0.00614556, 0.00614527, 0.00614524,
       0.00614524]), array([0.02341008, 0.0139367 , 0.01132142, 0.00987682, 0.0088768 ,
       0.00817642, 0.00769666, 0.00741572, 0.00709935, 0.00684602,
       0.00674296, 0.00666771, 0.00658928, 0.00652739, 0.00649358,
       0.00646421, 0.0063887 , 0.00630438, 0.00625285, 0.00621791,
       0.00617025, 0.00610533, 0.00608032, 0.0060649 , 0.0060505 ,
       0.00603457, 0.00601914, 0.00600502, 0.00599112, 0.00597622,
       0.00596774, 0.00595686, 0.0059542 , 0.00595245, 0.00595116,
       0.00595102, 0.00595099, 0.00595074, 0.00595024, 0.00594918,
       0.00594858, 0.00594598, 0.00594284, 0.00593933, 0.00593397,
       0.00592677, 0.00591807, 0.00590196, 0.00588835, 0.00587916,
       0.00587727, 0.00587606, 0.00587545, 0.0058749 , 0.00587442,
       0.00587422, 0.00587349, 0.00587291, 0.00587227, 0.0058713 ,
       0.00586914, 0.0058671 , 0.00586622, 0.00586574, 0.00586518,
       0.00586336, 0.00586139, 0.0058575 , 0.00585152, 0.00584139,
       0.00583385, 0.00582677, 0.00581296, 0.00579678, 0.00578337,
       0.00576127, 0.0057214 , 0.0056983 , 0.00568969, 0.00567623,
       0.00565698, 0.00564482, 0.0056369 , 0.00563155, 0.00562514,
       0.00561327, 0.00560021, 0.00559001, 0.005577  , 0.00556484,
       0.00555935, 0.00555526, 0.00555214, 0.00555135, 0.00555043,
       0.00555001, 0.00554994, 0.00554987, 0.00554942, 0.00554919]), array([0.01930659, 0.01546909, 0.01336946, 0.01178486, 0.0108659 ,
       0.01034764, 0.00990716, 0.00935797, 0.00900829, 0.00865596,
       0.00814196, 0.00766242, 0.00728584, 0.00697066, 0.00676547,
       0.00664487, 0.00655674, 0.00649885, 0.00644998, 0.00641979,
       0.00639874, 0.0063764 , 0.00635611, 0.00634541, 0.00632983,
       0.00631859, 0.00630651, 0.00629122, 0.00628411, 0.00627943,
       0.00627441, 0.00626608, 0.0062578 , 0.00625218, 0.00624644,
       0.00624114, 0.00623703, 0.00623405, 0.00623093, 0.00622269,
       0.00621494, 0.00620454, 0.00619168, 0.00618476, 0.00618006,
       0.0061766 , 0.00617427, 0.00617195, 0.00617074, 0.00616847,
       0.00616503, 0.00616206, 0.00615924, 0.00615628, 0.0061554 ,
       0.00615469, 0.00615435, 0.00615426, 0.00615412, 0.00615371,
       0.00615293, 0.00615286, 0.00615286]), array([0.02287911, 0.01507482, 0.01257117, 0.01098997, 0.00977337,
       0.00869913, 0.00805305, 0.00776238, 0.00759423, 0.00747224,
       0.00733267, 0.00718387, 0.0070648 , 0.00698217, 0.00692269,
       0.00686323, 0.00679905, 0.00672507, 0.00667819, 0.00663753,
       0.00659191, 0.00654006, 0.00648411, 0.00644989, 0.00642278,
       0.00640766, 0.00639357, 0.0063816 , 0.00636898, 0.0063606 ,
       0.0063465 , 0.00633553, 0.00632514, 0.00631192, 0.00630264,
       0.00628618, 0.00627396, 0.00626459, 0.00625792, 0.00625416,
       0.00625298, 0.00625258, 0.00625228, 0.00625195, 0.00625189,
       0.00625178, 0.00625172, 0.00625167, 0.00625164, 0.00625134,
       0.0062508 , 0.00624938, 0.00624858, 0.0062481 , 0.00624798,
       0.00624795, 0.00624769, 0.00624742, 0.0062473 , 0.00624723,
       0.00624721, 0.00624721]), array([0.02190372, 0.01677765, 0.01438525, 0.01269685, 0.01160052,
       0.01073882, 0.01000051, 0.00942499, 0.00895246, 0.00867025,
       0.00840338, 0.00806164, 0.00774107, 0.00746016, 0.00714354,
       0.00685284, 0.00669281, 0.00655235, 0.00644264, 0.00638959,
       0.00635937, 0.00633905, 0.00631599, 0.00629343, 0.00627086,
       0.00624732, 0.00621746, 0.00619179, 0.00615534, 0.00611252,
       0.00607669, 0.00606252, 0.00605484, 0.00604648, 0.00604202,
       0.0060398 , 0.00603639, 0.00603476, 0.00603   , 0.00602941,
       0.00602935, 0.00602935]), array([0.02341805, 0.01610113, 0.01305191, 0.01136289, 0.00999774,
       0.00911259, 0.0084548 , 0.00794833, 0.00752571, 0.00719971,
       0.00688117, 0.00662884, 0.00645049, 0.00638872, 0.00634761,
       0.00631866, 0.00628285, 0.00625064, 0.00622183, 0.00618748,
       0.00615271, 0.0061283 , 0.00611131, 0.00609182, 0.00606579,
       0.00603599, 0.00602214, 0.00601147, 0.00599782, 0.00597781,
       0.00596907, 0.0059595 , 0.00595404, 0.00594902, 0.0059415 ,
       0.0059245 , 0.00591699, 0.00591049, 0.00590692, 0.00590362,
       0.00590084, 0.00589936, 0.00589521, 0.00588755, 0.00587997,
       0.00586613, 0.00586061, 0.00585639, 0.0058553 , 0.00585483,
       0.0058547 , 0.0058547 ]), array([0.0217516 , 0.01654945, 0.01384391, 0.0126605 , 0.01174466,
       0.01084656, 0.01013257, 0.00964985, 0.00928006, 0.00900029,
       0.0088024 , 0.00870115, 0.00863288, 0.00857433, 0.00852259,
       0.00846869, 0.00838847, 0.00829337, 0.00821098, 0.00812668,
       0.00801454, 0.00785949, 0.00773331, 0.00762224, 0.00753865,
       0.00745506, 0.00739037, 0.00733904, 0.00728601, 0.00725441,
       0.0072262 , 0.00719571, 0.00716058, 0.00712704, 0.00711673,
       0.00710999, 0.0071045 , 0.00709803, 0.00709078, 0.00708867,
       0.00708822, 0.00708779, 0.00708742, 0.00708742]), array([0.02320781, 0.0162971 , 0.01334716, 0.01151529, 0.01052439,
       0.00989414, 0.00932951, 0.00873188, 0.0082453 , 0.00783931,
       0.00756934, 0.00729484, 0.00711391, 0.00701604, 0.00695664,
       0.0069337 , 0.00692757, 0.00691028, 0.00688739, 0.00686917,
       0.00685601, 0.00684189, 0.0068191 , 0.00678398, 0.00675549,
       0.00671885, 0.00668603, 0.00663989, 0.00657731, 0.00649125,
       0.0064051 , 0.00635594, 0.00631695, 0.00629333, 0.00627057,
       0.00625178, 0.00623996, 0.00623178, 0.0062233 , 0.00621322,
       0.00619461, 0.00616792, 0.00614698, 0.00613122, 0.00611755,
       0.00610499, 0.00609824, 0.0060921 , 0.00609022, 0.0060897 ,
       0.00608925, 0.00608916, 0.00608863, 0.00608694, 0.00608625,
       0.0060855 , 0.00608496, 0.00608493, 0.00608453, 0.00608319,
       0.00608298, 0.00608286, 0.00608266, 0.00608266]), array([0.02187862, 0.01689219, 0.01452922, 0.0127255 , 0.0116087 ,
       0.01068875, 0.01006685, 0.00957158, 0.00927457, 0.00900976,
       0.00880112, 0.00862869, 0.00842876, 0.00820037, 0.00799613,
       0.00779208, 0.00760367, 0.00724371, 0.00691427, 0.00668661,
       0.00654188, 0.00638904, 0.00628806, 0.00620262, 0.00614701,
       0.00612551, 0.00611568, 0.00611344, 0.00611249, 0.00611224,
       0.00611224]), array([0.02415183, 0.01713971, 0.01388567, 0.01185606, 0.01086808,
       0.01018574, 0.00960567, 0.00904042, 0.00857118, 0.00827172,
       0.0080341 , 0.00786595, 0.00774664, 0.00765809, 0.00752553,
       0.00743421, 0.00736409, 0.00723949, 0.00709542, 0.00698439,
       0.00689928, 0.00678183, 0.00672132, 0.00668925, 0.00666936,
       0.00666124, 0.00665796, 0.0066487 , 0.00663971, 0.00663528,
       0.00662917, 0.00662094, 0.00661431, 0.00660186, 0.00659643,
       0.00659054, 0.00658646, 0.00658377, 0.00658209, 0.00658143,
       0.00658014, 0.0065773 , 0.00657416, 0.00657109, 0.00656716,
       0.0065627 , 0.00655863, 0.00655701, 0.00655499, 0.00655212,
       0.00654748, 0.00654564, 0.00654352, 0.00653894, 0.00653113,
       0.0065242 , 0.00651933, 0.00651785, 0.00651704, 0.00651682,
       0.0065168 , 0.0065168 ]), array([0.02767859, 0.01612315, 0.01292157, 0.01132882, 0.0102711 ,
       0.00940654, 0.00871742, 0.00819328, 0.00775964, 0.0074977 ,
       0.00721826, 0.00702604, 0.00687635, 0.0067766 , 0.00667639,
       0.00655927, 0.00644903, 0.00635565, 0.00629125, 0.00624537,
       0.00620896, 0.00618234, 0.00615925, 0.006141  , 0.00612623,
       0.00610939, 0.00609887, 0.00608929, 0.00608367, 0.00608222,
       0.00608031, 0.00607787, 0.00607689, 0.00607654, 0.00607553,
       0.00607507, 0.00607341, 0.00607253, 0.00607241, 0.00607241]), array([0.0266521 , 0.01829207, 0.01463635, 0.01271527, 0.01146473,
       0.0107273 , 0.0101498 , 0.00976506, 0.00940282, 0.00910739,
       0.0088408 , 0.00851882, 0.00820071, 0.00801702, 0.00793032,
       0.00780422, 0.00757944, 0.0073711 , 0.00722298, 0.00714348,
       0.0070504 , 0.00698267, 0.00693577, 0.00690449, 0.00688811,
       0.00687993, 0.00686896, 0.00685653, 0.00682956, 0.00679229,
       0.0067578 , 0.00674553, 0.00673576, 0.00673046, 0.0067214 ,
       0.0067092 , 0.00669718, 0.00667773, 0.00665282, 0.00662904,
       0.00661123, 0.00659465, 0.00658723, 0.00658264, 0.00657757,
       0.00657023, 0.00655925, 0.00654673, 0.00654288, 0.00654043,
       0.00653971, 0.006539  , 0.00653812, 0.00653704, 0.00653228,
       0.00652947, 0.00652794, 0.00652607, 0.00652478, 0.00652447,
       0.00652425, 0.00652411, 0.00652403, 0.00652394, 0.00652394]), array([0.02701004, 0.01720639, 0.01417725, 0.01266251, 0.01153748,
       0.01067041, 0.00987046, 0.00925896, 0.00881362, 0.00827184,
       0.00796861, 0.00770534, 0.00752457, 0.00737885, 0.00727419,
       0.00713724, 0.00704984, 0.00699698, 0.00692831, 0.0068315 ,
       0.00673017, 0.00664612, 0.00660533, 0.00658709, 0.00656468,
       0.00655061, 0.00653914, 0.00653251, 0.0065302 , 0.00652472,
       0.00651924, 0.00651481, 0.00651345, 0.0065128 , 0.00651037,
       0.00650374, 0.00649628, 0.00648365, 0.00646667, 0.00645979,
       0.00645548, 0.00645364, 0.00645222, 0.00645067, 0.00645008,
       0.00644899, 0.00644818, 0.00644796, 0.00644794, 0.00644794]), array([0.02456753, 0.01767764, 0.01444535, 0.01247791, 0.01146008,
       0.01068787, 0.01020161, 0.00979223, 0.00951312, 0.00931602,
       0.0091705 , 0.00906942, 0.00900159, 0.00893229, 0.00889432,
       0.00887353, 0.00885161, 0.0088305 , 0.00877434, 0.00870497,
       0.00864901, 0.00856548, 0.00844642, 0.00835616, 0.00828287,
       0.00824351, 0.00818779, 0.00812393, 0.00804152, 0.00797886,
       0.00794524, 0.00791261, 0.00788353, 0.00784713, 0.00781228,
       0.00778706, 0.00775496, 0.00772466, 0.00768891, 0.00766967,
       0.00764793, 0.00761394, 0.00758165, 0.00754296, 0.00749648,
       0.00745652, 0.00742649, 0.00740245, 0.00738721, 0.00736247,
       0.00733746, 0.00731987, 0.00731182, 0.00730512, 0.00729672,
       0.00728829, 0.00727681, 0.00725062, 0.00719808, 0.00713651,
       0.00710667, 0.00705952, 0.00702669, 0.00698967, 0.00694856,
       0.00691219, 0.00686381, 0.00680411, 0.00676075, 0.00672398,
       0.00667307, 0.006607  , 0.00655568, 0.00653206, 0.00651833,
       0.00650639, 0.00648159, 0.0064722 , 0.00646316, 0.0064538 ,
       0.00644206, 0.00643552, 0.00643291, 0.00642373, 0.00641325,
       0.00639278, 0.0063854 , 0.0063788 , 0.00637055, 0.00636263,
       0.00635576, 0.00635282, 0.00634927, 0.00634678, 0.00634221,
       0.00633641, 0.00633157, 0.00632751, 0.0063262 , 0.00632536]), array([0.02747551, 0.01909822, 0.01601156, 0.01450584, 0.01358054,
       0.01270481, 0.01206355, 0.01123007, 0.0101061 , 0.00916952,
       0.00856126, 0.00818485, 0.00796516, 0.00781637, 0.00771387,
       0.00753076, 0.00737866, 0.00728799, 0.00718202, 0.00711775,
       0.00704937, 0.0069685 , 0.00691555, 0.00688467, 0.00685494,
       0.00681115, 0.00678463, 0.00675392, 0.00670482, 0.00663358,
       0.00653737, 0.00647387, 0.00645456, 0.00644954, 0.00644748,
       0.00644584, 0.00644466, 0.0064437 , 0.00644254, 0.00644217,
       0.00644205, 0.00644203, 0.00644196, 0.00644172, 0.00644138,
       0.00644138]), array([0.02582206, 0.02101632, 0.01844899, 0.01657507, 0.01533399,
       0.01417716, 0.01282955, 0.01189731, 0.01133383, 0.01098972,
       0.01073639, 0.0105712 , 0.0104566 , 0.01032939, 0.01018603,
       0.01000901, 0.00988764, 0.00978422, 0.00967135, 0.00952223,
       0.00939832, 0.00926342, 0.00911461, 0.00895217, 0.00885234,
       0.00875283, 0.00869445, 0.00861896, 0.00855581, 0.00849135,
       0.00843391, 0.00835301, 0.00826636, 0.00820575, 0.00814502,
       0.0080891 , 0.00805444, 0.00800893, 0.00796673, 0.00791153,
       0.00781482, 0.00774891, 0.00771249, 0.00768487, 0.00766516,
       0.00765107, 0.0076381 , 0.00762025, 0.00759021, 0.0075739 ,
       0.00756633, 0.00755955, 0.00755735, 0.00755549, 0.00755241,
       0.00754978, 0.00754617, 0.00753544, 0.00752334, 0.00751856,
       0.00751808, 0.00751752, 0.00751714, 0.00751659, 0.00751575,
       0.00751483, 0.00751298, 0.00751116, 0.00750864, 0.0075076 ,
       0.00750757, 0.00750754, 0.00750752, 0.00750752]), array([0.02764523, 0.01997772, 0.01634237, 0.01429444, 0.01286742,
       0.01195816, 0.01146321, 0.01103647, 0.01075111, 0.01054675,
       0.01042351, 0.01034244, 0.01025769, 0.01017186, 0.01004737,
       0.00994868, 0.00990126, 0.00986922, 0.00983447, 0.00982233,
       0.00980929, 0.00979545, 0.00977819, 0.00976175, 0.00974424,
       0.00970758, 0.00965829, 0.00956178, 0.00943557, 0.00932006,
       0.0092276 , 0.00914141, 0.00903843, 0.00892511, 0.00880696,
       0.00870203, 0.00856968, 0.00845377, 0.00835131, 0.00824148,
       0.00815092, 0.00805098, 0.00794363, 0.0078344 , 0.0077188 ,
       0.00764044, 0.00756889, 0.0075132 , 0.00747718, 0.00746504,
       0.00745542, 0.00745013, 0.00744368, 0.00743219, 0.00742016,
       0.00739919, 0.00739185, 0.00738598, 0.00738287, 0.00738147,
       0.00738012, 0.00737962, 0.0073779 , 0.00737662, 0.00737349,
       0.00737223, 0.00737069, 0.00736684, 0.00736352, 0.00735987,
       0.00735864, 0.00735824, 0.00735812, 0.00735809, 0.00735804,
       0.00735804]), array([0.03003019, 0.017552  , 0.01443194, 0.01231049, 0.01110408,
       0.01027537, 0.00953251, 0.00896168, 0.00852624, 0.0082424 ,
       0.00794001, 0.00765515, 0.00739479, 0.00723643, 0.00716946,
       0.00712316, 0.00708439, 0.00704994, 0.00702132, 0.00698507,
       0.0069592 , 0.00693923, 0.00691996, 0.00689786, 0.00688412,
       0.00687825, 0.0068737 , 0.00687171, 0.00686974, 0.00686816,
       0.00686445, 0.00686238, 0.00685719, 0.00685279, 0.00685027,
       0.00684916, 0.00684876, 0.00684779, 0.00684699, 0.00684689,
       0.00684689]), array([0.02777763, 0.01782026, 0.0144211 , 0.01288816, 0.01201118,
       0.01124494, 0.01056316, 0.01023491, 0.01004337, 0.00987128,
       0.00967437, 0.00949849, 0.00936476, 0.0092542 , 0.00913955,
       0.009062  , 0.009007  , 0.00893896, 0.00882042, 0.00871652,
       0.00864819, 0.00859494, 0.00856908, 0.00856387, 0.00856299,
       0.00856271, 0.00856123, 0.00856049, 0.00855989, 0.00855969,
       0.00855962, 0.00855951, 0.00855914, 0.00855878, 0.00855861,
       0.00855824, 0.00855809, 0.00855805, 0.00855805]), array([0.0272041 , 0.01984709, 0.01607131, 0.01364197, 0.0121806 ,
       0.01112683, 0.0105238 , 0.01010276, 0.00982077, 0.0095886 ,
       0.00945653, 0.00935704, 0.00930239, 0.00925371, 0.00920888,
       0.00915283, 0.00911582, 0.00908248, 0.00906617, 0.00905244,
       0.00904138, 0.00903252, 0.00902812, 0.00902568, 0.00902521,
       0.00902508, 0.00902508])]

Noise: 0.75
Total times: [0.6861310005187988, 0.6936306953430176, 0.7517340183258057, 0.6880173683166504, 0.7048089504241943, 0.7047183513641357, 0.6915204524993896, 0.670757532119751, 0.6630716323852539, 0.6604795455932617, 0.7578442096710205, 0.6812305450439453, 0.7071630954742432, 0.7155547142028809, 0.7110333442687988, 0.725501537322998, 0.7162919044494629, 0.6835131645202637, 0.7094407081604004, 0.70762038230896, 0.7279250621795654, 0.6953389644622803, 0.7874090671539307, 0.9091191291809082, 0.8392021656036377]
Total rms: [array([0.03281647, 0.02112128, 0.01647917, 0.01439759, 0.01323816,
       0.01250882, 0.01199959, 0.0115882 , 0.01130272, 0.01105533,
       0.01077455, 0.01048321, 0.01022636, 0.0100779 , 0.00998814,
       0.0099316 , 0.00981786, 0.00976774, 0.00972416, 0.00969217,
       0.00966579, 0.00965106, 0.00963829, 0.00962393, 0.00961219,
       0.00960719, 0.00960623, 0.00960605, 0.00960559, 0.00960551,
       0.00960551]), array([0.03917932, 0.01928746, 0.01531501, 0.01338173, 0.01228858,
       0.01146624, 0.01084126, 0.01034644, 0.00989952, 0.00943791,
       0.00900215, 0.0086258 , 0.00828889, 0.00797027, 0.00765142,
       0.00749147, 0.0073722 , 0.00726998, 0.00720894, 0.00717761,
       0.00715848, 0.00714311, 0.0071244 , 0.00710416, 0.00708148,
       0.00707043, 0.00706599, 0.00705946, 0.00704872, 0.00703625,
       0.00702679, 0.00702064, 0.00701757, 0.00701548, 0.00701298,
       0.00701059, 0.00700959, 0.00700959]), array([0.03247113, 0.02127602, 0.01698897, 0.01490392, 0.01364008,
       0.01279414, 0.01199535, 0.01147103, 0.01109963, 0.01080648,
       0.01060703, 0.01039403, 0.01023833, 0.0100651 , 0.00994225,
       0.00987455, 0.00976221, 0.00965766, 0.00952707, 0.0093294 ,
       0.00916909, 0.00908844, 0.0090473 , 0.00901644, 0.00899112,
       0.00895946, 0.00890395, 0.00883907, 0.0087348 , 0.00856343,
       0.00837946, 0.00821864, 0.00813097, 0.00806992, 0.00801905,
       0.00797888, 0.0079444 , 0.0079205 , 0.00789714, 0.00787822,
       0.00784838, 0.00782582, 0.00781049, 0.0077939 , 0.00778437,
       0.0077819 , 0.00777766, 0.00777172, 0.00776171, 0.00774348,
       0.00772252, 0.00770925, 0.00769935, 0.00769491, 0.00769068,
       0.0076845 , 0.00768226, 0.00767834, 0.00766806, 0.00766284,
       0.00765835, 0.00765796, 0.00765789, 0.00765785, 0.0076578 ,
       0.00765775, 0.00765774, 0.00765774]), array([0.03976444, 0.01886003, 0.01541778, 0.01390748, 0.01265032,
       0.01139389, 0.01039171, 0.00969344, 0.00908632, 0.00850082,
       0.00806673, 0.00784295, 0.00767471, 0.00748788, 0.00735679,
       0.00727459, 0.00721448, 0.0071573 , 0.0071058 , 0.00707267,
       0.00703804, 0.00700317, 0.00696155, 0.00693733, 0.00691056,
       0.0068922 , 0.00687821, 0.00685674, 0.00683362, 0.00681962,
       0.00681706, 0.00681696, 0.00681696]), array([0.04175385, 0.01918   , 0.01502932, 0.0137659 , 0.01265411,
       0.01189413, 0.0113264 , 0.01062826, 0.01002629, 0.00952045,
       0.00917687, 0.00888568, 0.00863823, 0.00842674, 0.00817219,
       0.00792221, 0.00770145, 0.0075616 , 0.00748446, 0.00741824,
       0.00733597, 0.0072735 , 0.00720938, 0.00718287, 0.00713438,
       0.00710527, 0.00707874, 0.00705976, 0.00704983, 0.00703799,
       0.00702029, 0.0070071 , 0.00699992, 0.00698329, 0.00697127,
       0.00696636, 0.00696213, 0.006955  , 0.00694868, 0.00694304,
       0.00693762, 0.0069293 , 0.00692588, 0.00692478, 0.00692431,
       0.00692399, 0.00692372, 0.0069237 , 0.0069237 ]), array([0.03483165, 0.02516524, 0.02048561, 0.0174047 , 0.01512367,
       0.01383373, 0.012924  , 0.01235419, 0.01193603, 0.01158813,
       0.01123615, 0.01081866, 0.01040043, 0.01003154, 0.0097125 ,
       0.00951352, 0.00936557, 0.00922591, 0.00909485, 0.00904108,
       0.00901638, 0.0090118 , 0.00900598, 0.00899986, 0.00899766,
       0.00899434, 0.00898861, 0.00898184, 0.00897697, 0.0089676 ,
       0.00895849, 0.00895224, 0.00894279, 0.00892468, 0.00891204,
       0.00890703, 0.00890437, 0.00890097, 0.0088998 , 0.00889946,
       0.00889946]), array([0.04298065, 0.02229701, 0.01724155, 0.01481812, 0.01316374,
       0.01196729, 0.01116377, 0.01072522, 0.010512  , 0.01034678,
       0.01020487, 0.01009218, 0.00999724, 0.00988609, 0.00968437,
       0.00947297, 0.00930452, 0.00917774, 0.00910632, 0.00902369,
       0.00892446, 0.00876911, 0.00854356, 0.00835848, 0.00818811,
       0.00800656, 0.00790007, 0.00781512, 0.00773428, 0.00766589,
       0.00761804, 0.00758135, 0.00755374, 0.00754064, 0.00753734,
       0.00753576, 0.00753444, 0.00753316, 0.00753248, 0.00753225,
       0.00753215, 0.00753215]), array([0.05154083, 0.02107556, 0.016063  , 0.01385889, 0.01244741,
       0.01156661, 0.01105791, 0.01061096, 0.01030989, 0.01006606,
       0.00986919, 0.0096594 , 0.00940014, 0.00910355, 0.00877503,
       0.008451  , 0.00815759, 0.00795805, 0.00784401, 0.00774891,
       0.00766056, 0.00756573, 0.00751816, 0.00747272, 0.00745777,
       0.00745277, 0.00745124, 0.00745054, 0.00744978, 0.0074497 ,
       0.00744962, 0.00744962]), array([0.0491063 , 0.01995187, 0.01626828, 0.01453857, 0.01333712,
       0.01241363, 0.01126768, 0.01040344, 0.00983578, 0.00937351,
       0.00911288, 0.00885416, 0.00863536, 0.008475  , 0.00835169,
       0.00821683, 0.00806527, 0.00792236, 0.00785518, 0.00781949,
       0.00775142, 0.00768173, 0.00762282, 0.00759918, 0.00759279,
       0.00758934, 0.00758836, 0.00758815, 0.00758812, 0.00758812]), array([0.05186623, 0.02393625, 0.01779425, 0.01515087, 0.01355289,
       0.01241935, 0.01173968, 0.01122957, 0.01076663, 0.01018032,
       0.00958848, 0.00912062, 0.00873725, 0.00851905, 0.0083733 ,
       0.00826187, 0.00818242, 0.00806108, 0.00795664, 0.0078808 ,
       0.00784008, 0.00781364, 0.00779229, 0.00778659, 0.00778468,
       0.00778244, 0.00778053, 0.00777986, 0.00777964, 0.00777961,
       0.00777961]), array([0.04457516, 0.02522741, 0.01904047, 0.01549321, 0.01402123,
       0.0134295 , 0.012946  , 0.0125242 , 0.01222501, 0.01192971,
       0.01158549, 0.01113163, 0.01077532, 0.01053299, 0.01026175,
       0.01006384, 0.00995396, 0.00984691, 0.00974955, 0.00970143,
       0.00968197, 0.0096766 , 0.00967577, 0.00967455, 0.00967387,
       0.00967172, 0.00966883, 0.00966547, 0.00965178, 0.00963869,
       0.00963024, 0.00962295, 0.00961698, 0.00961238, 0.0096093 ,
       0.0096068 , 0.00960332, 0.00960061, 0.00959753, 0.0095961 ,
       0.00959296, 0.00959092, 0.00958849, 0.00958766, 0.00957896,
       0.00956658, 0.00956054, 0.00955671, 0.00955115, 0.00954913,
       0.00954798, 0.00954764, 0.00954352, 0.00954237, 0.00954199,
       0.00953997, 0.00953702, 0.00953557, 0.00953247, 0.0095139 ,
       0.00947712, 0.00942769, 0.00936859, 0.00932058, 0.00928392,
       0.00926662, 0.00925583, 0.00925408, 0.0092524 , 0.00925086,
       0.00924888, 0.00924755, 0.00924704, 0.00924677, 0.00924655,
       0.00924652, 0.00924652]), array([0.04860365, 0.02704744, 0.02400932, 0.01981824, 0.01705812,
       0.01516703, 0.01411658, 0.01331016, 0.01277184, 0.01239524,
       0.01217384, 0.01198563, 0.01179814, 0.01165953, 0.01140692,
       0.01098619, 0.01054755, 0.01014667, 0.01000727, 0.00991166,
       0.00982464, 0.00975888, 0.00972787, 0.0097179 , 0.00971279,
       0.00970984, 0.00970894, 0.00970633, 0.00970278, 0.00970131,
       0.00970046, 0.00970028, 0.00970015, 0.00970011, 0.00969963,
       0.00969956, 0.00969955, 0.00969955]), array([0.06178062, 0.02192413, 0.01720778, 0.01480478, 0.01305565,
       0.01181972, 0.01091831, 0.01022428, 0.00974823, 0.00945708,
       0.009252  , 0.00905319, 0.00885113, 0.0087336 , 0.00861515,
       0.00851207, 0.00844753, 0.00838122, 0.00834173, 0.00831288,
       0.00828448, 0.00822213, 0.0081682 , 0.00814504, 0.0081278 ,
       0.00810299, 0.00803973, 0.00791381, 0.00784547, 0.0078224 ,
       0.00780754, 0.00780274, 0.00779691, 0.00778544, 0.00777346,
       0.00775891, 0.00774751, 0.00773335, 0.00772951, 0.00772815,
       0.0077263 , 0.00772325, 0.00772141, 0.00771791, 0.00771715,
       0.00771664, 0.00771654, 0.00771653]), array([0.05952271, 0.02548621, 0.02040233, 0.0173376 , 0.01523375,
       0.01392544, 0.01300195, 0.01235735, 0.01189075, 0.01152183,
       0.01114714, 0.01080514, 0.01043684, 0.01011392, 0.00983988,
       0.00960708, 0.00933892, 0.00910361, 0.00888431, 0.00871756,
       0.00862626, 0.00855449, 0.00849396, 0.00842015, 0.0083658 ,
       0.00831192, 0.00828186, 0.00825728, 0.00823896, 0.00822057,
       0.00819826, 0.00817718, 0.00814538, 0.00811775, 0.00809413,
       0.00806506, 0.00804036, 0.00803147, 0.00802647, 0.00801608,
       0.00800649, 0.00799918, 0.00799032, 0.00798421, 0.00797978,
       0.00797832, 0.00797676, 0.0079736 , 0.0079724 , 0.00797175,
       0.0079711 , 0.0079711 ]), array([0.0636529 , 0.02419444, 0.02012013, 0.01739944, 0.01597661,
       0.01510542, 0.01445185, 0.01388916, 0.01336075, 0.01276302,
       0.01222048, 0.01152166, 0.01091115, 0.01050042, 0.01019281,
       0.00987989, 0.00958333, 0.00931781, 0.00910309, 0.00897422,
       0.00879559, 0.00865874, 0.00856162, 0.00850865, 0.00848485,
       0.00846598, 0.00844011, 0.00842001, 0.00839747, 0.00838968,
       0.00837969, 0.0083704 , 0.00834625, 0.00831438, 0.00829631,
       0.00828996, 0.00828872, 0.00828841, 0.00828749, 0.00828647,
       0.00828553, 0.00828489, 0.00828465, 0.00828439, 0.00828411,
       0.00828398, 0.00828381, 0.00828333, 0.00828305, 0.00828305]), array([0.05887266, 0.0255336 , 0.01924999, 0.01621357, 0.01495317,
       0.01434424, 0.01358368, 0.01283119, 0.01224395, 0.011734  ,
       0.01143177, 0.01109471, 0.01070646, 0.01035833, 0.01008162,
       0.00986131, 0.00978597, 0.00972806, 0.00966544, 0.00961183,
       0.00957103, 0.00953021, 0.00950195, 0.00949186, 0.0094838 ,
       0.00947524, 0.00946513, 0.00945153, 0.00943469, 0.00941114,
       0.00939196, 0.00937629, 0.00936602, 0.00932354, 0.00925677,
       0.00918603, 0.0091128 , 0.00907135, 0.00905638, 0.00905185,
       0.00904331, 0.00903186, 0.00901618, 0.00899609, 0.00897929,
       0.00897256, 0.0089683 , 0.00896766, 0.0089674 , 0.00896684,
       0.00896674, 0.00896669, 0.00896669]), array([0.06636919, 0.0235289 , 0.01868198, 0.01597173, 0.01475326,
       0.0141301 , 0.01356685, 0.01317632, 0.01291142, 0.0125131 ,
       0.01205718, 0.01164233, 0.0112008 , 0.0108218 , 0.01056836,
       0.01042804, 0.01031853, 0.01023513, 0.01017991, 0.01011394,
       0.00999888, 0.00990827, 0.00982915, 0.00975891, 0.00969465,
       0.00954592, 0.00942846, 0.00933079, 0.00923669, 0.00915633,
       0.00911101, 0.00908822, 0.00907441, 0.00906849, 0.00905733,
       0.00904637, 0.00903972, 0.00903452, 0.00903382, 0.00903376,
       0.00903376]), array([0.06496133, 0.0260981 , 0.01995345, 0.01699434, 0.01525653,
       0.01423027, 0.01339285, 0.0127198 , 0.01218736, 0.0117204 ,
       0.01134142, 0.01106897, 0.0108658 , 0.01066357, 0.01047173,
       0.01032484, 0.01016083, 0.01000156, 0.00991596, 0.00984282,
       0.00979489, 0.00975468, 0.00973677, 0.00972817, 0.00971592,
       0.00970863, 0.00970623, 0.00970442, 0.00970296, 0.0097024 ,
       0.00970179, 0.00970119, 0.00970115, 0.00970099, 0.00970099]), array([0.06683437, 0.0280861 , 0.02326555, 0.02021165, 0.01782526,
       0.01594842, 0.0149392 , 0.01407764, 0.0134997 , 0.01301084,
       0.01264788, 0.01228683, 0.01198227, 0.01175709, 0.01155981,
       0.01133514, 0.01114709, 0.01103131, 0.01083587, 0.01066021,
       0.01045419, 0.01026267, 0.01014688, 0.01007507, 0.01001006,
       0.00996984, 0.00993743, 0.00990945, 0.00986366, 0.00981899,
       0.00978456, 0.00976401, 0.00975862, 0.00975706, 0.00975523,
       0.00975033, 0.00974634, 0.00972989, 0.00971686, 0.00968959,
       0.00965765, 0.00964033, 0.00962383, 0.00961007, 0.00960343,
       0.00959426, 0.00959193, 0.00959095, 0.00959037, 0.00959034,
       0.00959034]), array([0.07332429, 0.02769708, 0.02220489, 0.01868189, 0.01651778,
       0.01510278, 0.014281  , 0.01349549, 0.01275617, 0.01202703,
       0.01142063, 0.01104218, 0.01069857, 0.01052901, 0.01041853,
       0.01027623, 0.0101628 , 0.01005042, 0.00991827, 0.00979448,
       0.00969712, 0.00953806, 0.00936075, 0.00918766, 0.00900271,
       0.00884443, 0.00872585, 0.00863886, 0.00854512, 0.00846809,
       0.00835793, 0.00830703, 0.00825859, 0.00824514, 0.00822858,
       0.00821573, 0.00821126, 0.00820982, 0.00820805, 0.00820685,
       0.00820608, 0.00820586, 0.00820576, 0.0082056 , 0.00820551,
       0.00820551]), array([0.08408105, 0.02506174, 0.01894747, 0.01606447, 0.01430044,
       0.01316335, 0.01231952, 0.01168771, 0.01133746, 0.01109639,
       0.01093397, 0.01080366, 0.01070051, 0.01056502, 0.01038372,
       0.01020902, 0.01006444, 0.00996355, 0.0098511 , 0.0097737 ,
       0.00973121, 0.0097078 , 0.00964161, 0.00952894, 0.00946723,
       0.00941977, 0.00938949, 0.00936724, 0.00935074, 0.00933661,
       0.00932095, 0.00931026, 0.00930298, 0.0092977 , 0.00929344,
       0.00929176, 0.00929155, 0.0092913 , 0.00928981, 0.00928725,
       0.00927844, 0.00927532, 0.00927236, 0.00926847, 0.00926452,
       0.00925711, 0.00925598, 0.00925591, 0.00925573, 0.00925538,
       0.00925486, 0.00925451, 0.0092541 , 0.00925408, 0.00925408]), array([0.08266794, 0.02674788, 0.02219133, 0.01921568, 0.01699923,
       0.0148201 , 0.01315532, 0.01205725, 0.01104723, 0.01031525,
       0.00984508, 0.00943439, 0.00907449, 0.00889343, 0.00881012,
       0.00876585, 0.00872334, 0.0086961 , 0.00867745, 0.00865309,
       0.00860847, 0.00857284, 0.00855791, 0.00853911, 0.00851093,
       0.00846917, 0.00842173, 0.00838071, 0.00833211, 0.00830231,
       0.00826834, 0.00822727, 0.00818205, 0.008149  , 0.00812614,
       0.00810714, 0.00810416, 0.00810341, 0.00810259, 0.00810157,
       0.00810104, 0.00810104]), array([0.09839984, 0.0230848 , 0.01928258, 0.01713688, 0.01523412,
       0.01350817, 0.0122297 , 0.01151662, 0.01113014, 0.01083219,
       0.01060865, 0.01046954, 0.01033514, 0.01025161, 0.0101756 ,
       0.01012415, 0.01008082, 0.01004386, 0.00998136, 0.009893  ,
       0.00976561, 0.00963994, 0.0094917 , 0.00930072, 0.00899622,
       0.00870305, 0.0084759 , 0.0083859 , 0.00831432, 0.00826427,
       0.00822727, 0.00819456, 0.00816783, 0.00814714, 0.00812834,
       0.00811062, 0.00810254, 0.00809908, 0.00809476, 0.00809048,
       0.00808514, 0.00808351, 0.0080832 , 0.00808303, 0.00808303]), array([0.0898533 , 0.02760655, 0.02444124, 0.0220574 , 0.01921581,
       0.01664697, 0.01419768, 0.0129745 , 0.01201657, 0.01129583,
       0.01069898, 0.01024691, 0.00994255, 0.00974006, 0.00960713,
       0.00948082, 0.00935691, 0.0092612 , 0.00915   , 0.00907671,
       0.00903809, 0.00902111, 0.00900064, 0.00898173, 0.00897229,
       0.00895673, 0.00894031, 0.00892085, 0.00889571, 0.00886513,
       0.00884861, 0.0088416 , 0.00883677, 0.00883461, 0.0088297 ,
       0.0088211 , 0.00881434, 0.00880463, 0.00879971, 0.00879572,
       0.00879322, 0.00878872, 0.00878465, 0.00878332, 0.00878258,
       0.00878221, 0.00878205, 0.00878199, 0.00878194, 0.00878194]), array([0.09506812, 0.0240741 , 0.01982264, 0.01749489, 0.01572857,
       0.01443066, 0.01349986, 0.01271044, 0.01210064, 0.01158023,
       0.01116371, 0.01089616, 0.01064664, 0.01055259, 0.01046695,
       0.01041036, 0.01036493, 0.01031203, 0.01026898, 0.01024661,
       0.01023121, 0.01022408, 0.01021453, 0.01019395, 0.01017345,
       0.01016623, 0.01016447, 0.01016342, 0.01016306, 0.01016224,
       0.01016122, 0.01016018, 0.01015765, 0.01015321, 0.0101491 ,
       0.01014563, 0.01014373, 0.01013411, 0.01011891, 0.01010211,
       0.01009143, 0.01007351, 0.01005681, 0.01004304, 0.01002388,
       0.00998639, 0.00995325, 0.00993805, 0.00991407, 0.00989316,
       0.00988479, 0.00987746, 0.00987391, 0.00987153, 0.0098695 ,
       0.00986541, 0.00985519, 0.00984622, 0.00983264, 0.00981523,
       0.0097944 , 0.00978227, 0.00975597, 0.00972767, 0.0096937 ,
       0.00967227, 0.00966222, 0.00964637, 0.00962558, 0.00960017,
       0.00956579, 0.00954033, 0.00949644, 0.00947134, 0.00946538,
       0.00946078, 0.00944857, 0.00942434, 0.00941687, 0.00941277,
       0.00940579, 0.00940281, 0.00940095, 0.00939929, 0.00939925,
       0.00939925])]

