Ratio: 0.01
Average time: 0.1370089054107666
Average length: 63.0
Average rms: [0.014050554350331092, 0.009894632651459019, 0.008122403726884572, 0.0074251923008655865, 0.00702935910272757, 0.00670101215440314, 0.006390323207155866, 0.006118967364776263, 0.005929260854413723, 0.005771116169834737, 0.0056099255436509185, 0.0054992119193435236, 0.005401394731196235, 0.005320959914725499, 0.00524792228767969, 0.005187006757329083, 0.005145741306177339, 0.005092143743145196, 0.004990788021682226, 0.004854271457021003, 0.004706587325441633, 0.004569212903647527, 0.004465940671038659, 0.004414657864496551, 0.004375591508503222, 0.004335556801739916, 0.004293912134591951, 0.004260611533106109, 0.004241120554949559, 0.004222078080169733, 0.004203998938168985, 0.004187321364030749, 0.0041764006049233, 0.00416220847724786, 0.004154299453875756, 0.004148557831579177, 0.004138196890858182, 0.004121087601203466, 0.004107656151600985, 0.004099376939296201, 0.004087742889866298, 0.004082541399105804, 0.004078419592180906, 0.004070238783131004, 0.004062974851428965, 0.004054233478751634, 0.004043438732511354, 0.004038193453287999, 0.004033142685157191, 0.004028756298723334, 0.004026719019305545, 0.004026177533863642, 0.004025515822115144, 0.004024706104003253, 0.004023990130286882, 0.004023797311688533, 0.0040236348677874486, 0.004023379279654405, 0.004022315926160885, 0.00402123844356359, 0.004020852677147678, 0.00402058795937027, 0.004020583999530549]

Ratio: 0.1
Average time: 0.8403997421264648
Average length: 71.0
Average rms: [0.012493957827172874, 0.009238905602500198, 0.0075881352207730155, 0.00686979892785735, 0.00646655092765203, 0.0061620436980898445, 0.005888770951766363, 0.005653827763544431, 0.005439058900526688, 0.005253453607089396, 0.005090834175029002, 0.004938937582590627, 0.004782170527233645, 0.004609851154204086, 0.004439531947370797, 0.004276773307080094, 0.004114489433506705, 0.0039721297525999845, 0.003840728838631699, 0.003721820095062122, 0.00360004654792036, 0.0034791365086719777, 0.0033504652146491964, 0.0032226840258447287, 0.00309977615109036, 0.0029807741133397957, 0.0028724540686786365, 0.0027707068025656966, 0.0026764696037447195, 0.002586509643523157, 0.002501074990891378, 0.0024303518765488134, 0.0023699616534633124, 0.002317411678845313, 0.0022716059643158658, 0.0022361652239823795, 0.0022066898208578244, 0.0021803324374364474, 0.0021569487178237524, 0.002136735827444766, 0.002118382292116391, 0.0021007528656942307, 0.002086825261930184, 0.0020759110948301994, 0.0020661793811223646, 0.002057161511729843, 0.0020500946492026323, 0.0020457289581264863, 0.0020424469851392643, 0.002039682707218522, 0.0020373515584687116, 0.002035278374445736, 0.002033642371887106, 0.002032656389535515, 0.002031738492328283, 0.002030976478994434, 0.0020304403919716198, 0.0020299492017491856, 0.0020296782450012767, 0.0020295329139496804, 0.0020294317505340316, 0.0020293750088004794, 0.002029340976421858, 0.0020293124145450377, 0.0020292733065637642, 0.002029229356657532, 0.0020291884716979827, 0.002029158812581361, 0.0020291373618022525, 0.002029115831386146, 0.0020291102094914856]

Ratio: 0.25
Average time: 2.330826997756958
Average length: 70.0
Average rms: [0.012244792085405803, 0.00903510699242187, 0.007574572260752535, 0.006856030032584867, 0.006433246686759642, 0.006098038675109673, 0.0058010908748410625, 0.0055425536072826725, 0.0053239286360153865, 0.005141089268591357, 0.004977748140836185, 0.0048275080520002985, 0.0046800556562542565, 0.004532833182432726, 0.004373749442950048, 0.0042179769755647505, 0.004066673965597795, 0.0039204615931629225, 0.003786297315995858, 0.0036514313604677326, 0.003516475290799255, 0.003385212740219154, 0.0032518396634890912, 0.0031168300646871147, 0.0029810310221319363, 0.0028467503440954495, 0.0027214684830745646, 0.002603462353234297, 0.002497594899249363, 0.0024021736271267885, 0.0023158477381955704, 0.002241579399476173, 0.0021756089698918312, 0.0021169407503657, 0.0020693769398733284, 0.0020280094146969993, 0.001993212446353765, 0.001964299460768863, 0.0019394259458204168, 0.0019194741765708985, 0.0019035857534872621, 0.0018911126370451954, 0.0018816012273973866, 0.0018740163997594806, 0.0018677325603429372, 0.0018624527022710054, 0.0018583517213109036, 0.001855117382580977, 0.001852390588563635, 0.0018500142847296833, 0.0018483014523638117, 0.0018469369212943721, 0.0018459653208952119, 0.0018452717665187158, 0.0018446910031977596, 0.0018441500320606962, 0.0018437305326279227, 0.0018434324907084547, 0.0018432115719594845, 0.0018430412656480159, 0.0018429132349398955, 0.0018428152314941366, 0.0018427329045554006, 0.0018426752617374045, 0.0018426411414078018, 0.0018426076938343752, 0.0018425842855831927, 0.0018425650314228012, 0.0018425528271887451, 0.0018425486087824427]

Ratio: 0.5
Average time: 5.204534530639648
Average length: 72.0
Average rms: [0.011985337642964002, 0.008956015768616332, 0.007519619941485377, 0.006830919116180362, 0.006416522367943194, 0.006112008525810426, 0.005838856158963621, 0.005584113931486586, 0.005356480868603357, 0.005165178634173797, 0.004998380694946994, 0.004848344227325108, 0.0047049770687053565, 0.0045602674251318505, 0.004408631488850074, 0.004254068934856058, 0.004101735573104321, 0.0039484255811980794, 0.003800283711021109, 0.0036606565419993044, 0.003524827165110718, 0.0033929537515067386, 0.0032629314645264275, 0.0031285364288297355, 0.002990764891920303, 0.002848763961488044, 0.0027109119151609096, 0.002582772706536643, 0.0024665658869634194, 0.002362132850805065, 0.0022665663083993926, 0.0021811189655088705, 0.002105926716492158, 0.0020396106720386572, 0.001981919704143558, 0.0019322822197908602, 0.001887091509892291, 0.0018477639732782652, 0.0018140973026502015, 0.001786062913704105, 0.0017626268441470665, 0.0017428748944202056, 0.0017272622472477902, 0.0017153212206522733, 0.0017057873204221858, 0.001698070095958673, 0.001691689846398706, 0.0016865401226745188, 0.0016825221186466822, 0.0016796027257356425, 0.0016773420265895414, 0.0016755446234609597, 0.0016742321980539926, 0.0016731748777049117, 0.0016723483356350455, 0.0016717580649965053, 0.0016713097243125036, 0.0016709568842709762, 0.0016706610186296425, 0.0016704233952592128, 0.0016702409040405398, 0.0016700978624854135, 0.0016699766438185476, 0.0016698941112499685, 0.0016698297621285515, 0.0016697700779579236, 0.0016697210900272607, 0.0016696842404895272, 0.001669658679523594, 0.0016696389142375706, 0.0016696275515066636, 0.0016696179401698564]

Ratio: 0.75
Average time: 10.24934196472168
Average length: 74.0
Average rms: [0.012039365313779585, 0.008942163352112837, 0.007509056956516793, 0.006817561060506614, 0.006409434820382554, 0.006106866084685514, 0.00584223058186554, 0.005594075731361104, 0.005368088364299861, 0.005174642119130793, 0.005008797279179123, 0.0048607306011283335, 0.004719675857254163, 0.00457920821362623, 0.00442945788350788, 0.004274437780910711, 0.004118610325403663, 0.003962973960217597, 0.0038055347510016825, 0.003659469186332692, 0.0035169349397355418, 0.0033766008004674913, 0.0032360524609355056, 0.003092743852923523, 0.0029463448408366425, 0.002801244668622015, 0.00266487104407981, 0.0025396660325057102, 0.00242562893453137, 0.0023211844077763648, 0.0022260243300271593, 0.0021417399191093565, 0.002068137811560819, 0.002003890070405151, 0.0019469995364467573, 0.001897367901512977, 0.0018543578938181335, 0.0018171289003228038, 0.001785210325459966, 0.0017584998532692842, 0.001736552831232054, 0.0017185949497732598, 0.0017041033113334141, 0.0016923661137230484, 0.0016829084757723567, 0.0016753407832750002, 0.0016689957555144036, 0.001664142240670856, 0.0016604267039984982, 0.0016574894493906985, 0.0016550163614274806, 0.0016531249836974184, 0.0016517627299934203, 0.0016506783769015248, 0.0016497816050435755, 0.0016490407474318443, 0.0016484186046121965, 0.001647941705742801, 0.0016475995574322519, 0.0016473619113993585, 0.001647173944993631, 0.0016469966831453198, 0.0016468541480516468, 0.0016467485418999142, 0.001646657505104037, 0.001646586560129393, 0.0016465374290167494, 0.0016465010023159325, 0.001646470498247949, 0.0016464465370429216, 0.001646426094207035, 0.0016464103837349443, 0.00164640020847706, 0.0016463944345677826]

