Noise: 0.1
Average time: 226.9811820220947
Average length: 72.0
Average rms: [0.01202378296643826, 0.008939485117807905, 0.007510524184130289, 0.006818270240966408, 0.006405470708851475, 0.006101086401652059, 0.005835980258852209, 0.005586085459572237, 0.005359262823218888, 0.005165620576646265, 0.004998269261791123, 0.004848432900136006, 0.004705774502472396, 0.004562365539893412, 0.004411504701845946, 0.004255963093275781, 0.0040997133948651645, 0.003943009274873662, 0.0037870301362255537, 0.0036412510687479803, 0.0034998159763655035, 0.003361066468913475, 0.0032227565243322757, 0.0030813094383419243, 0.0029369780783679716, 0.0027933428877803318, 0.0026565467905587396, 0.0025315505781549003, 0.0024170032801232536, 0.00231280191569876, 0.00221808604933366, 0.0021331087691043053, 0.002057897628454793, 0.001991531983399651, 0.0019330546829586983, 0.001882357322900601, 0.0018383707889003643, 0.0018008369509790291, 0.0017684816734265707, 0.0017413548201282265, 0.001718772451235491, 0.0017000452720252975, 0.0016849479816840594, 0.00167265241074081, 0.0016627387391782154, 0.0016550386766865201, 0.0016487733771259868, 0.00164384082685888, 0.0016400698023689212, 0.001637046277108715, 0.0016345893792362625, 0.0016327317894251387, 0.0016314008877304866, 0.0016303752804908951, 0.0016295035347077805, 0.0016287862420727472, 0.0016281651568457681, 0.0016276440793676847, 0.0016272856208849936, 0.0016270196386457736, 0.0016268242398282617, 0.0016266745854459283, 0.0016265581113186402, 0.0016264671135840828, 0.0016264031150104651, 0.0016263523220306384, 0.0016263120133332793, 0.0016262820253931068, 0.0016262540023662553, 0.0016262334804139872, 0.001626219799262898, 0.001626210331485945]

Noise: 0.25
Average time: 230.1683529186249
Average length: 72.0
Average rms: [0.01202378296643826, 0.008939487318066264, 0.007510523863617422, 0.006818270197894086, 0.006405470708851473, 0.006101086401652065, 0.005835980258852207, 0.005586085459572237, 0.005359262823218889, 0.00516562057664626, 0.0049982692617911275, 0.0048484329001360045, 0.0047057745024724, 0.00456236553989341, 0.004411504701845946, 0.004255963093275783, 0.0040997133948651645, 0.003943009274873659, 0.003787030136225552, 0.003641251068747978, 0.003499815976365503, 0.003361066468913472, 0.0032227565243322775, 0.003081309438341924, 0.0029369780783679673, 0.0027933428877803318, 0.002656546790558737, 0.0025315505781549077, 0.002417003280123248, 0.0023128019156987557, 0.002218086049333665, 0.0021331087691042992, 0.002057897628454789, 0.0019915319833996525, 0.001933054682958702, 0.001882357322900602, 0.0018383707889003604, 0.0018008369509790315, 0.0017684816734265727, 0.0017413548201282256, 0.0017187724512354918, 0.0017000452720253012, 0.0016849479816840557, 0.00167265241074081, 0.0016627387391782145, 0.001655038676686519, 0.0016487733771259837, 0.0016438408268588784, 0.0016400698023689205, 0.0016370462771087147, 0.0016345893792362618, 0.0016327317894251384, 0.0016314008877304853, 0.0016303752804908936, 0.0016295035347077785, 0.001628786242072745, 0.001628165156845767, 0.0016276440793676827, 0.001627285620884992, 0.0016270196386457723, 0.0016268242398282606, 0.0016266745854459262, 0.0016265581113186392, 0.001626467113584081, 0.0016264031150104643, 0.0016263523220306367, 0.0016263120133332776, 0.0016262820253931057, 0.0016262540023662538, 0.0016262334804139859, 0.0016262197992628965, 0.0016262103314859438]

Noise: 0.5
Average time: 229.56816960334777
Average length: 72.0
Average rms: [0.01202378296643826, 0.008939491819252694, 0.0075105243507821015, 0.006818270264756597, 0.006405470676883557, 0.006101086480461906, 0.005835980258852204, 0.005586085459572236, 0.00535926282321889, 0.005165620576646264, 0.004998269261791125, 0.004848432900136005, 0.004705774502472396, 0.00456236553989341, 0.004411504701845946, 0.004255963093275782, 0.004099713394865165, 0.003943009274873659, 0.003787030136225553, 0.003641251068747978, 0.0034998159763655005, 0.0033610664689134716, 0.003222756524332275, 0.0030813094383419265, 0.002936978078367975, 0.0027933428877803313, 0.002656546790558729, 0.0025315505781549007, 0.0024170032801232554, 0.0023128019156987614, 0.0022180860493336597, 0.002133108769104303, 0.0020578976284547925, 0.0019915319833996525, 0.0019330546829587048, 0.0018823573229006002, 0.0018383707889003589, 0.0018008369509790287, 0.0017684816734265681, 0.0017413548201282247, 0.0017187724512354888, 0.001700045272025297, 0.0016849479816840604, 0.0016726524107408063, 0.0016627387391782156, 0.0016550386766865201, 0.001648773377125985, 0.001643840826858878, 0.0016400698023689212, 0.0016370462771087134, 0.0016345893792362625, 0.0016327317894251389, 0.0016314008877304862, 0.001630375280490895, 0.0016295035347077807, 0.001628786242072746, 0.0016281651568457677, 0.0016276440793676842, 0.0016272856208849934, 0.0016270196386457736, 0.0016268242398282617, 0.0016266745854459275, 0.0016265581113186398, 0.0016264671135840828, 0.0016264031150104651, 0.0016263523220306378, 0.0016263120133332787, 0.001626282025393107, 0.0016262540023662553, 0.001626233480413987, 0.0016262197992628971, 0.0016262103314859445]

Noise: 0.75
Average time: 227.3371172142029
Average length: 72.0
Average rms: [0.01202378296643826, 0.00893948417481061, 0.007510523926702421, 0.006818270284038732, 0.0064054707088514705, 0.006101086401652056, 0.005835980258852203, 0.005586085459572237, 0.005359262823218888, 0.005165620576646267, 0.004998269261791129, 0.004848432900136008, 0.004705774502472398, 0.004562365539893412, 0.004411504701845949, 0.004255963093275783, 0.004099713394865168, 0.003943009274873662, 0.0037870301362255554, 0.0036412510687479794, 0.0034998159763655018, 0.003361066468913473, 0.003222756524332277, 0.0030813094383419248, 0.00293697807836797, 0.0027933428877803313, 0.002656546790558739, 0.0025315505781549046, 0.002417003280123248, 0.0023128019156987653, 0.002218086049333664, 0.0021331087691043053, 0.0020578976284547903, 0.001991531983399657, 0.0019330546829587096, 0.0018823573229006035, 0.0018383707889003606, 0.0018008369509790307, 0.0017684816734265729, 0.001741354820128228, 0.0017187724512354949, 0.0017000452720252997, 0.0016849479816840585, 0.0016726524107408102, 0.0016627387391782156, 0.00165503867668652, 0.0016487733771259837, 0.0016438408268588793, 0.001640069802368921, 0.001637046277108716, 0.0016345893792362631, 0.00163273178942514, 0.0016314008877304864, 0.0016303752804908958, 0.0016295035347077807, 0.001628786242072746, 0.0016281651568457681, 0.0016276440793676836, 0.0016272856208849936, 0.0016270196386457736, 0.0016268242398282623, 0.0016266745854459277, 0.0016265581113186407, 0.0016264671135840833, 0.0016264031150104658, 0.0016263523220306384, 0.0016263120133332787, 0.0016262820253931068, 0.0016262540023662556, 0.0016262334804139874, 0.0016262197992628978, 0.0016262103314859451]

