Noise: 0.1
Average time: 25.591372261047365
Average length: 72.0
Average rms: [0.01202378296643826, 0.008939489772196102, 0.007510524452384504, 0.00681827027301583, 0.006405470675813754, 0.0061010864804619015, 0.005835980258852205, 0.005586085459572241, 0.005359262823218888, 0.005165620576646263, 0.004998269261791129, 0.004848432900136004, 0.004705774502472396, 0.004562365539893411, 0.004411504701845946, 0.004255963093275781, 0.004099713394865166, 0.0039430092748736585, 0.003787030136225551, 0.0036412510687479794, 0.0034998159763655018, 0.003361066468913474, 0.003222756524332274, 0.003081309438341922, 0.0029369780783679695, 0.002793342887780334, 0.002656546790558728, 0.002531550578154899, 0.002417003280123249, 0.00231280191569876, 0.002218086049333659, 0.0021331087691043066, 0.002057897628454787, 0.0019915319833996516, 0.001933054682958703, 0.001882357322900605, 0.0018383707889003578, 0.0018008369509790324, 0.001768481673426572, 0.0017413548201282265, 0.0017187724512354905, 0.001700045272025294, 0.0016849479816840548, 0.001672652410740807, 0.0016627387391782123, 0.0016550386766865178, 0.001648773377125983, 0.0016438408268588777, 0.001640069802368918, 0.0016370462771087128, 0.0016345893792362603, 0.0016327317894251376, 0.0016314008877304843, 0.0016303752804908934, 0.0016295035347077787, 0.001628786242072745, 0.0016281651568457662, 0.0016276440793676825, 0.0016272856208849917, 0.0016270196386457716, 0.0016268242398282601, 0.0016266745854459253, 0.0016265581113186383, 0.0016264671135840809, 0.0016264031150104636, 0.0016263523220306365, 0.0016263120133332767, 0.0016262820253931049, 0.0016262540023662536, 0.0016262334804139852, 0.001626219799262896, 0.0016262103314859432]

Noise: 0.25
Average time: 25.33313108444214
Average length: 72.0
Average rms: [0.01202378296643826, 0.00893948640945734, 0.007510523848603837, 0.00681827028403873, 0.0064054707088514705, 0.006101086401652058, 0.005835980258852203, 0.00558608545957224, 0.005359262823218886, 0.005165620576646264, 0.004998269261791127, 0.0048484329001360045, 0.004705774502472396, 0.004562365539893412, 0.004411504701845948, 0.004255963093275782, 0.004099713394865164, 0.003943009274873662, 0.0037870301362255537, 0.003641251068747983, 0.0034998159763655018, 0.0033610664689134734, 0.003222756524332278, 0.0030813094383419283, 0.002936978078367976, 0.002793342887780333, 0.0026565467905587396, 0.0025315505781549007, 0.002417003280123248, 0.002312801915698764, 0.0022180860493336628, 0.0021331087691043057, 0.0020578976284547903, 0.0019915319833996546, 0.001933054682958707, 0.0018823573229006004, 0.0018383707889003612, 0.0018008369509790304, 0.0017684816734265748, 0.0017413548201282304, 0.001718772451235491, 0.0017000452720252986, 0.0016849479816840585, 0.0016726524107408098, 0.0016627387391782156, 0.0016550386766865201, 0.0016487733771259857, 0.0016438408268588806, 0.0016400698023689212, 0.0016370462771087152, 0.0016345893792362623, 0.001632731789425139, 0.0016314008877304851, 0.0016303752804908945, 0.0016295035347077805, 0.001628786242072746, 0.0016281651568457675, 0.0016276440793676842, 0.0016272856208849927, 0.0016270196386457734, 0.0016268242398282614, 0.0016266745854459275, 0.00162655811131864, 0.0016264671135840824, 0.0016264031150104656, 0.001626352322030638, 0.0016263120133332785, 0.0016262820253931068, 0.0016262540023662547, 0.0016262334804139867, 0.0016262197992628971, 0.0016262103314859447]

Noise: 0.5
Average time: 25.847560195922853
Average length: 72.0
Average rms: [0.01202378296643826, 0.008939484997530467, 0.007510523554588172, 0.006818270279530669, 0.006405470772787313, 0.006101086244032376, 0.005835980258852211, 0.005586085459572245, 0.005359262823218886, 0.005165620576646265, 0.004998269261791127, 0.0048484329001360045, 0.004705774502472396, 0.004562365539893411, 0.004411504701845948, 0.004255963093275783, 0.004099713394865166, 0.003943009274873661, 0.003787030136225553, 0.00364125106874798, 0.0034998159763655018, 0.003361066468913474, 0.0032227565243322757, 0.0030813094383419248, 0.0029369780783679734, 0.0027933428877803313, 0.0026565467905587314, 0.002531550578154899, 0.002417003280123251, 0.0023128019156987627, 0.0022180860493336645, 0.0021331087691043053, 0.002057897628454794, 0.0019915319833996507, 0.0019330546829587029, 0.0018823573229006004, 0.0018383707889003612, 0.0018008369509790317, 0.0017684816734265707, 0.001741354820128228, 0.0017187724512354936, 0.0017000452720252984, 0.001684947981684059, 0.0016726524107408118, 0.0016627387391782167, 0.0016550386766865212, 0.0016487733771259855, 0.0016438408268588814, 0.0016400698023689214, 0.0016370462771087152, 0.001634589379236263, 0.0016327317894251397, 0.0016314008877304864, 0.0016303752804908956, 0.0016295035347077813, 0.001628786242072747, 0.0016281651568457684, 0.0016276440793676844, 0.001627285620884994, 0.0016270196386457742, 0.0016268242398282623, 0.0016266745854459281, 0.0016265581113186407, 0.0016264671135840828, 0.0016264031150104658, 0.0016263523220306384, 0.0016263120133332793, 0.001626282025393107, 0.0016262540023662556, 0.0016262334804139874, 0.0016262197992628982, 0.0016262103314859451]

Noise: 0.75
Average time: 25.33232997894287
Average length: 72.0
Average rms: [0.01202378296643826, 0.008939488070464087, 0.007510523830690741, 0.006818270197894088, 0.006405470708851473, 0.006101086401652063, 0.005835980258852209, 0.00558608545957224, 0.005359262823218888, 0.005165620576646265, 0.004998269261791129, 0.004848432900136008, 0.004705774502472398, 0.004562365539893412, 0.004411504701845948, 0.004255963093275784, 0.004099713394865168, 0.00394300927487366, 0.0037870301362255515, 0.003641251068747979, 0.0034998159763655005, 0.003361066468913473, 0.0032227565243322775, 0.0030813094383419248, 0.0029369780783679716, 0.0027933428877803274, 0.0026565467905587366, 0.0025315505781549038, 0.0024170032801232497, 0.0023128019156987627, 0.002218086049333666, 0.002133108769104301, 0.0020578976284547925, 0.0019915319833996494, 0.0019330546829587007, 0.0018823573229005991, 0.00183837078890036, 0.0018008369509790287, 0.0017684816734265729, 0.0017413548201282297, 0.0017187724512354916, 0.0017000452720253001, 0.0016849479816840574, 0.001672652410740809, 0.0016627387391782147, 0.0016550386766865197, 0.0016487733771259853, 0.0016438408268588784, 0.0016400698023689194, 0.0016370462771087139, 0.0016345893792362612, 0.0016327317894251376, 0.0016314008877304843, 0.0016303752804908936, 0.0016295035347077794, 0.0016287862420727457, 0.001628165156845767, 0.001627644079367683, 0.0016272856208849927, 0.001627019638645773, 0.0016268242398282614, 0.0016266745854459268, 0.0016265581113186394, 0.001626467113584082, 0.0016264031150104651, 0.0016263523220306376, 0.0016263120133332785, 0.0016262820253931062, 0.0016262540023662547, 0.0016262334804139867, 0.0016262197992628971, 0.0016262103314859447]

