Noise: 0.1
Average time: 26.987010526657105
Average length: 72.0
Average rms: [0.01202378296643826, 0.00893950537927873, 0.007510524842553881, 0.006818270456921112, 0.006405470618170688, 0.006101086559271877, 0.0058359802588523356, 0.0055860854595724254, 0.00535926282321896, 0.0051656205766462985, 0.004998269261791139, 0.004848432900136017, 0.004705774502472405, 0.004562365539893416, 0.004411504701845926, 0.0042559630932757515, 0.004099713394865161, 0.003943009274873658, 0.003787030136225565, 0.0036412510687479625, 0.0034998159763654753, 0.003361066468913406, 0.0032227565243321842, 0.003081309438341825, 0.002936978078367844, 0.0027933428877802125, 0.0026565467905586217, 0.002531550578154782, 0.0024170032801231253, 0.0023128019156986594, 0.0022180860493336094, 0.0021331087691042554, 0.002057897628454744, 0.001991531983399604, 0.001933054682958693, 0.0018823573229006369, 0.00183837078890041, 0.0018008369509790745, 0.0017684816734266145, 0.0017413548201282555, 0.0017187724512355087, 0.0017000452720253134, 0.0016849479816840654, 0.0016726524107408191, 0.0016627387391782208, 0.0016550386766865256, 0.0016487733771259883, 0.0016438408268588797, 0.0016400698023689216, 0.0016370462771087147, 0.0016345893792362614, 0.0016327317894251358, 0.0016314008877304808, 0.0016303752804908886, 0.0016295035347077733, 0.0016287862420727407, 0.0016281651568457605, 0.0016276440793676745, 0.0016272856208849834, 0.0016270196386457634, 0.0016268242398282525, 0.0016266745854459194, 0.0016265581113186322, 0.001626467113584074, 0.001626403115010457, 0.0016263523220306296, 0.0016263120133332696, 0.0016262820253930977, 0.0016262540023662465, 0.001626233480413978, 0.0016262197992628889, 0.001626210331485936]

Noise: 0.25
Average time: 26.968963689804077
Average length: 72.0
Average rms: [0.01202378296643826, 0.00893950537927873, 0.007510524842553881, 0.006818270456921112, 0.006405470618170688, 0.006101086559271877, 0.0058359802588523356, 0.0055860854595724254, 0.00535926282321896, 0.0051656205766462985, 0.004998269261791139, 0.004848432900136017, 0.004705774502472405, 0.004562365539893416, 0.004411504701845926, 0.0042559630932757515, 0.004099713394865161, 0.003943009274873658, 0.003787030136225565, 0.0036412510687479625, 0.0034998159763654753, 0.003361066468913406, 0.0032227565243321842, 0.003081309438341825, 0.002936978078367844, 0.0027933428877802125, 0.0026565467905586217, 0.002531550578154782, 0.0024170032801231253, 0.0023128019156986594, 0.0022180860493336094, 0.0021331087691042554, 0.002057897628454744, 0.001991531983399604, 0.001933054682958693, 0.0018823573229006369, 0.00183837078890041, 0.0018008369509790745, 0.0017684816734266145, 0.0017413548201282555, 0.0017187724512355087, 0.0017000452720253134, 0.0016849479816840654, 0.0016726524107408191, 0.0016627387391782208, 0.0016550386766865256, 0.0016487733771259883, 0.0016438408268588797, 0.0016400698023689216, 0.0016370462771087147, 0.0016345893792362614, 0.0016327317894251358, 0.0016314008877304808, 0.0016303752804908886, 0.0016295035347077733, 0.0016287862420727407, 0.0016281651568457605, 0.0016276440793676745, 0.0016272856208849834, 0.0016270196386457634, 0.0016268242398282525, 0.0016266745854459194, 0.0016265581113186322, 0.001626467113584074, 0.001626403115010457, 0.0016263523220306296, 0.0016263120133332696, 0.0016262820253930977, 0.0016262540023662465, 0.001626233480413978, 0.0016262197992628889, 0.001626210331485936]

Noise: 0.5
Average time: 27.029758100509643
Average length: 72.0
Average rms: [0.01202378296643826, 0.00893950537927873, 0.007510524842553881, 0.006818270456921112, 0.006405470618170688, 0.006101086559271877, 0.0058359802588523356, 0.0055860854595724254, 0.00535926282321896, 0.0051656205766462985, 0.004998269261791139, 0.004848432900136017, 0.004705774502472405, 0.004562365539893416, 0.004411504701845926, 0.0042559630932757515, 0.004099713394865161, 0.003943009274873658, 0.003787030136225565, 0.0036412510687479625, 0.0034998159763654753, 0.003361066468913406, 0.0032227565243321842, 0.003081309438341825, 0.002936978078367844, 0.0027933428877802125, 0.0026565467905586217, 0.002531550578154782, 0.0024170032801231253, 0.0023128019156986594, 0.0022180860493336094, 0.0021331087691042554, 0.002057897628454744, 0.001991531983399604, 0.001933054682958693, 0.0018823573229006369, 0.00183837078890041, 0.0018008369509790745, 0.0017684816734266145, 0.0017413548201282555, 0.0017187724512355087, 0.0017000452720253134, 0.0016849479816840654, 0.0016726524107408191, 0.0016627387391782208, 0.0016550386766865256, 0.0016487733771259883, 0.0016438408268588797, 0.0016400698023689216, 0.0016370462771087147, 0.0016345893792362614, 0.0016327317894251358, 0.0016314008877304808, 0.0016303752804908886, 0.0016295035347077733, 0.0016287862420727407, 0.0016281651568457605, 0.0016276440793676745, 0.0016272856208849834, 0.0016270196386457634, 0.0016268242398282525, 0.0016266745854459194, 0.0016265581113186322, 0.001626467113584074, 0.001626403115010457, 0.0016263523220306296, 0.0016263120133332696, 0.0016262820253930977, 0.0016262540023662465, 0.001626233480413978, 0.0016262197992628889, 0.001626210331485936]

Noise: 0.75
Average time: 26.989469757080077
Average length: 72.0
Average rms: [0.01202378296643826, 0.00893950537927873, 0.007510524842553881, 0.006818270456921112, 0.006405470618170688, 0.006101086559271877, 0.0058359802588523356, 0.0055860854595724254, 0.00535926282321896, 0.0051656205766462985, 0.004998269261791139, 0.004848432900136017, 0.004705774502472405, 0.004562365539893416, 0.004411504701845926, 0.0042559630932757515, 0.004099713394865161, 0.003943009274873658, 0.003787030136225565, 0.0036412510687479625, 0.0034998159763654753, 0.003361066468913406, 0.0032227565243321842, 0.003081309438341825, 0.002936978078367844, 0.0027933428877802125, 0.0026565467905586217, 0.002531550578154782, 0.0024170032801231253, 0.0023128019156986594, 0.0022180860493336094, 0.0021331087691042554, 0.002057897628454744, 0.001991531983399604, 0.001933054682958693, 0.0018823573229006369, 0.00183837078890041, 0.0018008369509790745, 0.0017684816734266145, 0.0017413548201282555, 0.0017187724512355087, 0.0017000452720253134, 0.0016849479816840654, 0.0016726524107408191, 0.0016627387391782208, 0.0016550386766865256, 0.0016487733771259883, 0.0016438408268588797, 0.0016400698023689216, 0.0016370462771087147, 0.0016345893792362614, 0.0016327317894251358, 0.0016314008877304808, 0.0016303752804908886, 0.0016295035347077733, 0.0016287862420727407, 0.0016281651568457605, 0.0016276440793676745, 0.0016272856208849834, 0.0016270196386457634, 0.0016268242398282525, 0.0016266745854459194, 0.0016265581113186322, 0.001626467113584074, 0.001626403115010457, 0.0016263523220306296, 0.0016263120133332696, 0.0016262820253930977, 0.0016262540023662465, 0.001626233480413978, 0.0016262197992628889, 0.001626210331485936]

