Noise: 0.1
Average time: 21.59938805580139
Average length: 54.8
Average rms: [0.014742851969429229, 0.011215409347120911, 0.010082788747377289, 0.009391586757654974, 0.008754990188497508, 0.008193609398284537, 0.007697296981618024, 0.007179199707903746, 0.006565948714532262, 0.005910213938049489, 0.005352647623052617, 0.004932963716772581, 0.004601737044760423, 0.0043246970255773586, 0.004092297867172585, 0.0038945846250208736, 0.00372261114318001, 0.003572655020437904, 0.0034435351331066127, 0.003334037883927597, 0.0032428407539766475, 0.0031675712070259503, 0.003105891464723473, 0.003056710655485564, 0.003018207107713404, 0.0029887008358199414, 0.002966420219737585, 0.0029496313936747936, 0.0029370119933733118, 0.0029276778484393956, 0.0029207290768286493, 0.0029154437435641935, 0.0029113779395088025, 0.0029082883995605866, 0.0029060018216550076, 0.002904250592837052, 0.002902917254130031, 0.0029018630098084377, 0.002901048148258553, 0.002900441621242704, 0.0028999605328479555, 0.0028995966349434237, 0.002899313985502789, 0.002899114327850323, 0.0028989474970806035, 0.002898813476667385, 0.002898710507479754, 0.002898634433730883, 0.0028985780178352686, 0.0028998792136718863, 0.002899170365937572, 0.002893652735684954, 0.0028942397799032477, 0.0028905616873950222, 0.0028928843653893382, 0.0028789976759235015, 0.0028744507449177214, 0.0028744291143070733, 0.0028987055215310867, 0.002898686258218102, 0.0028646991416523657, 0.0028646917897378406, 0.002827612350456345]

Noise: 0.25
Average time: 21.82754900932312
Average length: 54.88
Average rms: [0.01473337158941107, 0.011203909582724573, 0.010080653311687188, 0.009390378615218272, 0.00874285062435157, 0.008169922830603365, 0.007661032422097975, 0.007106416657784744, 0.006443292862665516, 0.0057951927742288046, 0.005262707401913132, 0.004866223959646251, 0.004549636045095204, 0.004284767350908859, 0.0040606043809223585, 0.0038701988568839063, 0.003704357685320383, 0.0035584041261501513, 0.0034331528679942707, 0.0033275144184453593, 0.00323909913188454, 0.003166182247709707, 0.003106774130051829, 0.003058698109581606, 0.003020821676822167, 0.0029917002960791143, 0.002969700756831734, 0.0029532052132721035, 0.0029407427951108657, 0.002931465006241273, 0.002924428525884262, 0.0029190770960423906, 0.002915091367852212, 0.002912080925012413, 0.0029097361641717344, 0.002907938327180764, 0.0029065459192451175, 0.002905491525760404, 0.002904696547552543, 0.002904079893291457, 0.0029035999613443602, 0.002903228845362783, 0.0029029519202511543, 0.002902739787810459, 0.0029025779765132027, 0.0029024576262951284, 0.0029023776515297605, 0.002902315537876356, 0.002902266553217548, 0.0029012687240637463, 0.002899651395167884, 0.0029127317644700597, 0.0029166860243165903, 0.002913811619774906, 0.002917104039803895, 0.002907709836947636, 0.0029100164576809882, 0.0029219697581237595, 0.0029269164120828395, 0.002928158563883975, 0.002928146205963124, 0.0028899797764994294, 0.002889951537992382, 0.0028899138317256923, 0.002889904664772877]

Noise: 0.5
Average time: 21.54868835449219
Average length: 52.96
Average rms: [0.014823363572426149, 0.011276981559455506, 0.010126137574572591, 0.00940140917456631, 0.008732133643839146, 0.008151050401923501, 0.0076246176076700005, 0.007038489866530195, 0.0063466310124486655, 0.005685804677933258, 0.00517543529952014, 0.004790549970112767, 0.004481787107087761, 0.0042231270920435075, 0.004003443728577867, 0.0038178890900094267, 0.003655977207546868, 0.003515206390958724, 0.003395785383362649, 0.0032953945583769333, 0.003211435461924462, 0.0031422265475614082, 0.00308639694969206, 0.0030411968016631845, 0.0030057974729273966, 0.0029787622299100903, 0.0029585313067284837, 0.0029434137663523837, 0.002931953607640032, 0.002923374240379687, 0.0029171495255871593, 0.002912541473528015, 0.002909046451197776, 0.0029063885673248657, 0.0029043168079199277, 0.00290270460012689, 0.0029015082086366367, 0.002900608914142154, 0.0028999006382191385, 0.0028993531332757007, 0.0028989452045522484, 0.0028986308319379666, 0.0028983909160502836, 0.002898217986302973, 0.002898092657135843, 0.0028979975349442922, 0.0028979308162253416, 0.002897880007916182, 0.0028969441169765103, 0.002895036400400754, 0.0028950068386625182, 0.0029014511595290664, 0.0028991824111029214, 0.002916688190297372, 0.0029369281228438446, 0.0029350051871205977, 0.0029349955705793283, 0.002930714613930922]

Noise: 0.75
Average time: 21.585809354782103
Average length: 53.48
Average rms: [0.014774689407284072, 0.01123108308908485, 0.01008006757395069, 0.00936442363254857, 0.008712054779794347, 0.008143524088273147, 0.007633162673543126, 0.007071288536181845, 0.006412218984100393, 0.005780259871531506, 0.0052630809263751, 0.004868868728739325, 0.004557225048246959, 0.004294857710816056, 0.004072949217221659, 0.003883189129783976, 0.0037180968631061835, 0.003574015824725399, 0.0034515032826193726, 0.0033480521097433024, 0.00326119164895996, 0.0031892929402021286, 0.0031307784223020335, 0.003083512684857898, 0.003046294273399368, 0.0030180951961610576, 0.0029968175704961192, 0.0029807000656453487, 0.002968884275238086, 0.0029599178699209476, 0.0029532031168068838, 0.0029481024289111186, 0.0029443427356460354, 0.0029414604955704726, 0.0029392439608563687, 0.002937480016427104, 0.0029361655432314795, 0.00293517118185444, 0.0029344393410581783, 0.002933847201404487, 0.002933392265052579, 0.002933054906615695, 0.002932801358244556, 0.002932601733197135, 0.0029324505848691345, 0.0029323267959040756, 0.002932239957312813, 0.0029321740790710774, 0.002932125996299017, 0.0029320914845501556, 0.0029323973528381174, 0.002933450890275838, 0.002943913902610104, 0.002933666231407658, 0.0029354159718742324, 0.0029427974369635665, 0.002914126764363367, 0.0029211821700165785, 0.002921164124869817, 0.002897735733104108, 0.002897729869689145]

