Noise: 0.1
Average time: 7.727429485321045
Average length: 84.28
Average rms: [0.01546958569626397, 0.010696999534457897, 0.008919021213756177, 0.00806224523101113, 0.0075592837120471825, 0.007221266393054311, 0.006965901288224244, 0.006770832225904332, 0.006617691818189109, 0.006501098008296858, 0.006395220835088997, 0.006217194643885526, 0.006118577085705884, 0.005947689457975192, 0.005852216738307992, 0.0057503428069441195, 0.005639328811167893, 0.00551286701353893, 0.0054076679635208765, 0.005279881692551031, 0.005033664656366668, 0.004869379265641325, 0.004781339207029056, 0.004481912776538301, 0.004300866097372951, 0.004125942417118795, 0.004038464622324619, 0.003959696107169919, 0.0038465977376427114, 0.003705876114749913, 0.003645136220229404, 0.0035284500540721108, 0.003475195904330515, 0.003430606453499743, 0.00339459037198406, 0.003326743934806116, 0.0032680158920157126, 0.0031802558581220607, 0.0030949723319180916, 0.0030413652896002846, 0.002965787776598184, 0.0029180717701481145, 0.0027774063680382787, 0.0026829664856883014, 0.0025901077969119196, 0.0025781518092734368, 0.0025694996061583282, 0.002484404228605238, 0.0023631852024164923, 0.0023178418407380857, 0.0022399109389859132, 0.0022146184297530914, 0.002157713012326823, 0.002120486505879352, 0.002116498191566614, 0.002102238182407827, 0.0019903730113219023, 0.0019436796458681643, 0.0019130251953148368, 0.001881396482288666, 0.001871614991253246, 0.0018410234069955087, 0.001832442393987646, 0.0018037457656640784, 0.0018022624944010832, 0.0017583688302022938, 0.0017392916345834342, 0.0017310652135813578, 0.0017113244259128624, 0.0017026344303196267, 0.0016827751620934598, 0.0016612182871888828, 0.0016507925499238182, 0.0016514245246542307, 0.0016453067964559592, 0.001645069051125649, 0.0016448910461503267, 0.0016456006766408316, 0.0016324100484745826, 0.0016329214982045662, 0.0016335788647384797, 0.0016339454004695615, 0.00163389606130337, 0.0016355020053189964, 0.0016262961005102338, 0.0016262627711873003, 0.0016262498826192574, 0.0016262500671456468, 0.0016262385696480257, 0.0016262376750512543, 0.0016262231532272458, 0.001626216586130326, 0.0016262078408016847, 0.0016262060055568547]

Noise: 0.25
Average time: 7.90850004196167
Average length: 82.68
Average rms: [0.015752681853717487, 0.010698149180794458, 0.008894571018361504, 0.008116767363130722, 0.0076471236579735615, 0.007300821764171537, 0.007027509784801366, 0.006824747663143789, 0.006659536871730498, 0.006524810089089241, 0.006325691038468464, 0.006162825635106721, 0.006002820378439897, 0.00582331274882086, 0.0057087236743825496, 0.005563158731959762, 0.005400143510212586, 0.005118451304242355, 0.004999432061132413, 0.004740030656417536, 0.0046041357368957255, 0.004349338139760081, 0.00416930340499162, 0.0040662379100481405, 0.003928805055257813, 0.0037856717290410177, 0.0036578908756321393, 0.0035944336958538877, 0.0034669433835065188, 0.0034122884526051767, 0.0033665302671084096, 0.003327876796328973, 0.0032953992489201255, 0.003267981266503214, 0.0032450479459889786, 0.003130682842493244, 0.003076812793253875, 0.0030292542050621117, 0.0028883237539058743, 0.002808999131954139, 0.002717465800857205, 0.002639406521811532, 0.0025513355163404123, 0.002489049404505774, 0.0023627298053230635, 0.0023186186901299312, 0.002308179082663113, 0.0022608708540029815, 0.002210679059300385, 0.0021547267338864113, 0.0020469115871385424, 0.0020254181057189403, 0.0020029918259455767, 0.0019710837317976457, 0.0019677023965901518, 0.0019195399176717338, 0.0018760392326071696, 0.0018698539720549093, 0.001847885173743526, 0.00182108452195768, 0.0017878135377079657, 0.0017867343868291149, 0.0017672167788315666, 0.0017605066806434615, 0.0017543689244261, 0.0017322320323932758, 0.0017062840124115138, 0.0016840287379966269, 0.0016722658412338537, 0.0016552660056756428, 0.0016467456954737177, 0.0016407290231515539, 0.001635197074692193, 0.001626969806598198, 0.0016267771479995302, 0.001626621631447893, 0.0016265374099460079, 0.0016264485017068538, 0.0016263990268866172, 0.0016263528171958925, 0.0016263163817073333, 0.0016263004740228193, 0.0016262892084525531, 0.0016262741139801491, 0.0016262618849415206, 0.001626241077733954, 0.0016262326319137243, 0.00162622827920758, 0.0016262309904262482, 0.001626230144473145, 0.001626218206162342, 0.001626209957891491]

Noise: 0.5
Average time: 7.918462972640992
Average length: 83.72
Average rms: [0.015735005355363603, 0.010751445679109583, 0.008867081054448034, 0.008020873004222308, 0.0075179130346015935, 0.007181281452372505, 0.006923412063692722, 0.006725864350274098, 0.006564055456931844, 0.00643536189127868, 0.006313092221136217, 0.006122144707434933, 0.0060149480743841, 0.005926894272885742, 0.005844289358564487, 0.0057449879311219955, 0.00564613828492115, 0.005546184983052017, 0.0052650414935836234, 0.0049923479995887966, 0.004871310632468311, 0.004688187153370166, 0.004542654337084296, 0.004402212983464531, 0.004227356050038888, 0.004134020335488929, 0.004052253429871218, 0.0038603365279265443, 0.0037201547280922547, 0.003596153644636605, 0.0035389009340589493, 0.003400669493620711, 0.0033527617827240398, 0.003315640767992785, 0.0032860592121387315, 0.003210251309066681, 0.003126748961689611, 0.003036198249424355, 0.003017042732789725, 0.0029264008686515314, 0.002865873602398179, 0.0027433235720360277, 0.0026325145000487948, 0.002549775867667195, 0.002518828161080411, 0.0024544759227060012, 0.0023412194121814013, 0.0022722697341682747, 0.0021929566274842055, 0.002161133600871172, 0.002153969271954251, 0.002117806411044377, 0.0020937985697446187, 0.0020547693965124077, 0.0020014746396268407, 0.0019830061230387648, 0.0019409367132653163, 0.0018974013289641744, 0.0018812159775892362, 0.0018793121502891008, 0.0018404584652203795, 0.0017743098138342675, 0.001764817743608414, 0.0017504520035981036, 0.00174951851087957, 0.0017215895417524996, 0.0017011575730475563, 0.0016941324497271007, 0.0016708301090990138, 0.0016703046161620852, 0.0016699556522944312, 0.0016607661929399194, 0.0016476727887126943, 0.0016401605112132253, 0.0016398852632651239, 0.0016333616462861841, 0.0016267525520024613, 0.0016266268097943455, 0.001626514193890735, 0.0016264686555903605, 0.0016264095079437577, 0.0016263613135339505, 0.0016263520002818173, 0.0016263118440351333, 0.0016262880507225373, 0.00162628264030855, 0.0016262594699463712, 0.0016262699910365823, 0.001626258028905529, 0.0016262477856688942, 0.0016262290548265893, 0.0016262232629876592, 0.0016262144127060054]

Noise: 0.75
Average time: 7.781948223114013
Average length: 84.68
Average rms: [0.015512531304749232, 0.01067324248994538, 0.008789792844207368, 0.007943956374066667, 0.007475544395126796, 0.007163491396180524, 0.006919131026986679, 0.006736421156279615, 0.006556641431155318, 0.006420939287078887, 0.006250765510703567, 0.006126632896875342, 0.006031125080918775, 0.005784501977887319, 0.005675159698758626, 0.005547338036428219, 0.0054083627889959, 0.005316251494435714, 0.0050556079273354525, 0.004929088827147009, 0.004742633212576519, 0.004458092854059258, 0.004286786576473254, 0.004179251084667528, 0.00408337214630268, 0.003991004265786911, 0.003909318932453314, 0.0038321990464728266, 0.0037635901450888006, 0.0037001052459422097, 0.003575700307957172, 0.003452312442334327, 0.0034070333571511444, 0.0033702640746959734, 0.003338955075542747, 0.003312340886816747, 0.0032907468798108754, 0.0031897982225775738, 0.0031346784757332797, 0.0031174436904772567, 0.002991400364722646, 0.002918620962793174, 0.002797608982102503, 0.0026738488909056318, 0.0026223901158602698, 0.002530384402969427, 0.0024344800073793733, 0.0023816102238423914, 0.002350667464012268, 0.002269317641444713, 0.00226243588104544, 0.002257729873535825, 0.002179478538162215, 0.002126804016217826, 0.0020873877245493697, 0.002083585657324127, 0.002016672608983854, 0.001983505253362805, 0.0019369701186533316, 0.001896004640985564, 0.0018561351080742736, 0.0018462670397094386, 0.0018386253353424862, 0.0018201638186259835, 0.0017702959042150232, 0.0017525407593294625, 0.001744267959831049, 0.0017283309343006205, 0.0017115448673605963, 0.001687304717200072, 0.001682407083105315, 0.0016638488025358337, 0.0016488429251309902, 0.0016494840378267726, 0.0016432936533683623, 0.0016370257519758569, 0.0016326421411045188, 0.0016266880232146742, 0.0016265531573509111, 0.0016265062157605772, 0.0016264329210529053, 0.0016263761361441928, 0.001626342217212597, 0.0016263075360997614, 0.0016262810367487297, 0.0016262715739064277, 0.0016262672811849879, 0.0016262506211751238, 0.0016262451046576587, 0.0016262304489451256, 0.0016262238433908968, 0.0016262264798023824, 0.0016262150940019708, 0.0016262142939060583, 0.0016262069993045072]

