Ratio: 0.01
Average time: 3.0304811573028565
Average length: 100.0
Average rms: [0.01443352015284773, 0.010046293651258777, 0.008309776489781297, 0.007582450538046947, 0.007093661374142204, 0.006683412668219243, 0.006444217587413397, 0.006126194013815371, 0.00594188401652923, 0.005709185156113038, 0.005562281246259943, 0.00554844368468862, 0.0053430612971701085, 0.005198904475416247, 0.005067304211787056, 0.005050930128311132, 0.004902576213728993, 0.00476629318069374, 0.004719876011127532, 0.004578379149381046, 0.00449383222799372, 0.004525750964702591, 0.0043620392846306436, 0.004211197025584779, 0.004293292863426744, 0.004175368745474325, 0.004073151135330658, 0.004052452072339875, 0.00405535978046608, 0.004071316903187841, 0.004047571997533696, 0.004050668965755132, 0.004005673648054221, 0.003936048093705528, 0.003897935000141374, 0.004055851043857067, 0.003974445456929881, 0.0039964459647833465, 0.004003731304394559, 0.00394524692040556, 0.0038694431013957657, 0.004033872202475295, 0.003952878391047353, 0.003952492908928531, 0.003895425308727319, 0.003898717658729141, 0.003943123635340579, 0.0038333561824896497, 0.003855903027002393, 0.0040764438464585065, 0.004004875301365697, 0.00391855824079095, 0.004009860910302487, 0.00393599238437351, 0.0039042542425145217, 0.003974013612502172, 0.003950290310315448, 0.00402355054298636, 0.0040434323110168716, 0.003941767670781806, 0.0039847723349418765, 0.0038897436055168834, 0.003832549023163236, 0.004008300743962585, 0.003895634941852404, 0.003914443082805159, 0.003930668729275829, 0.003939510189079415, 0.00399330979664613, 0.003932303862383902, 0.003906324389539489, 0.00397513980041351, 0.00393826368062816, 0.004034763735662455, 0.003836191617177683, 0.0038889973474957066, 0.003927818802089404, 0.003885493647682023, 0.003924096419081849, 0.003846147065016381, 0.003902468697140351, 0.003876038896863207, 0.003973395642246551, 0.003995358613040636, 0.003847679152798088, 0.0039427323484791665, 0.003972833449519975, 0.0038429261534828857, 0.003969608468349962, 0.00396631883430653, 0.003951271474186362, 0.004033201064962183, 0.003974886157124848, 0.0038893069297331957, 0.0039431137050255066, 0.003893162719112073, 0.003935251143732334, 0.003998549883175788, 0.00391788669290094, 0.0040982905464878846]

Ratio: 0.1
Average time: 22.712164373397826
Average length: 100.0
Average rms: [0.012652081659718874, 0.009300913629683261, 0.007624225835421202, 0.006928038940300701, 0.006498982913364407, 0.006137004585676458, 0.005823752871183542, 0.005584475618818353, 0.005368780005095691, 0.005192548292970531, 0.005012543582388307, 0.004854586176914389, 0.004704871098149223, 0.0045616256970679855, 0.004397602722220861, 0.0042479368612126315, 0.004096219482239162, 0.003953855428379288, 0.0038208575117289465, 0.0036925561701466893, 0.0035716716704129203, 0.003418253291320906, 0.0033032388184748985, 0.0031866193707118778, 0.0030673771776681368, 0.0029014466301225984, 0.002822339864563217, 0.0027075181949742545, 0.0026166810673377444, 0.0025392716387823387, 0.002481252232007179, 0.0024367197349536465, 0.0023683711956796576, 0.0023344308236607804, 0.0022808429964048414, 0.002236087903927666, 0.0021991319805632513, 0.0021885860846000914, 0.0021703470964148743, 0.0021712990621484533, 0.002157625355511665, 0.002139955001035409, 0.0021409206056012707, 0.0021272325247664726, 0.0021305434741878144, 0.0021447887605620677, 0.0021057954117700913, 0.0020930782850999414, 0.0021040453149799602, 0.002108841595047969, 0.0021642230479331555, 0.002118100532278442, 0.0021471928155594113, 0.0021037280841775616, 0.0020858805176463425, 0.0020831975990884283, 0.0021059856351453503, 0.0021085043442132132, 0.0021179817832591547, 0.0021245745175986186, 0.002047790942057674, 0.0021203138077883457, 0.0021114824407079628, 0.0021094126298913263, 0.0020949788145012186, 0.0021112951304969206, 0.0021020578958782636, 0.0021030020044704475, 0.002132989182295313, 0.002155108657937638, 0.002107332978400144, 0.0021064632105004533, 0.0021324264316099485, 0.0020946898281943606, 0.0020929945688326285, 0.002117620730620077, 0.0020898378336053508, 0.0020876400635576474, 0.0021188773174391777, 0.002103300142557846, 0.0021267793422564255, 0.002073401143008804, 0.002119216646307977, 0.0020990983566534834, 0.002113759222076566, 0.002092604177850733, 0.00212797472200581, 0.0021145316804217994, 0.002094318518992492, 0.002104953660547057, 0.0021136279464707254, 0.002104292204596177, 0.0021024980961794485, 0.002109905391218317, 0.002086610325298617, 0.002111226396497326, 0.0021045319671147856, 0.0021005790405642733, 0.00210450191275613, 0.002050582929131087]

Ratio: 0.25
Average time: 49.17538916587829
Average length: 100.0
Average rms: [0.012264184593470586, 0.00909768339453018, 0.007583238536897163, 0.006868759782791874, 0.006450648123143974, 0.006120384254968108, 0.00583154388545776, 0.005586065174010593, 0.005353719728098375, 0.005155519913977836, 0.005001743853357911, 0.004846933689299847, 0.0046838092966367565, 0.004535982087858386, 0.0043808167776888535, 0.00422751508863476, 0.0040632802068278195, 0.003918304215054647, 0.003773833242369059, 0.003638104116733767, 0.0034958119906335467, 0.0033689606757881497, 0.0032246654413966573, 0.0030903467587789623, 0.002951601795020228, 0.002810069073248796, 0.002695818230781078, 0.00257629062829723, 0.0024921854870030404, 0.002394038871004706, 0.0023013689467620085, 0.002233501113210409, 0.0021710337788582203, 0.0021088647199356257, 0.002043070511958608, 0.0020218658607096423, 0.001986277693084434, 0.0019365001542877918, 0.0019172067953616748, 0.0018993816242088922, 0.0018856973276373413, 0.001888584681861772, 0.0018800496162047428, 0.0018500409754038188, 0.0018506107423606317, 0.001834913236537751, 0.0018362613404201908, 0.0018273373808898451, 0.0018396674953435768, 0.0018400888460306864, 0.0018202777690000916, 0.0018465316125908617, 0.0018248446965476106, 0.0018243355264672325, 0.0018350057440317275, 0.0018374048419337477, 0.0018214832653382737, 0.00181734389931218, 0.0018289063618323652, 0.0018153678609140265, 0.0018211559418254636, 0.00183703805828397, 0.0018241976249620965, 0.0018384313070370212, 0.001820606209705457, 0.0018092583082192372, 0.0018174218742602012, 0.0018217610523795123, 0.0018161202479661037, 0.001799134840812514, 0.0018315319777413908, 0.0018098436484277466, 0.0018415488880452102, 0.0018419670789849999, 0.0018263765850375032, 0.0018137681923381132, 0.001824560360201347, 0.0018228391947655148, 0.0018321848437129553, 0.0018178978063807616, 0.0018315907527307782, 0.00182747059701287, 0.001823521137451655, 0.0018138552693521112, 0.0018157127454289665, 0.0018152390397871857, 0.0018090095893517125, 0.0018220068907550718, 0.00182765343483386, 0.0018011910794551442, 0.0018269648167119363, 0.0018210407583313729, 0.001819215339061271, 0.0018166264608087867, 0.001836378398962991, 0.0018142019125135542, 0.0018283822526689903, 0.001817062963535766, 0.0018136483463257096, 0.0018253809092260032]

Ratio: 0.5
Average time: 113.27637001037597
Average length: 100.0
Average rms: [0.01212324859039581, 0.008986525193604088, 0.007550267039566112, 0.006843629760976081, 0.006416555495703944, 0.006118587832614747, 0.005828750425284948, 0.0055789320520374655, 0.005350331770984323, 0.005156772643470292, 0.00499658657292999, 0.004841735648457019, 0.0046990628527062905, 0.004549821205313562, 0.00439671835841049, 0.0042390375708185055, 0.004084623859650795, 0.00392951314616519, 0.0037744982413686835, 0.003630835337390045, 0.0034914697009248686, 0.0033572922337541215, 0.0032171136601397304, 0.0030756825186951707, 0.002934840146428397, 0.002794977415700577, 0.00266383967803058, 0.0025455664658609197, 0.002438262438677266, 0.0023339796013786005, 0.00224197677986372, 0.002164781751827137, 0.0020961987841921358, 0.0020319849445557736, 0.001980838655774397, 0.0019284193936682278, 0.0018959611959466702, 0.001857981774923133, 0.001827191124063974, 0.001807318620828722, 0.0017862750880310945, 0.001768455515480324, 0.001751505022148131, 0.0017445461025326322, 0.0017359823905312589, 0.0017272843391047431, 0.0017257905014863382, 0.0017167642802235778, 0.001716484729932485, 0.001711390911104224, 0.0017106933526390186, 0.0017038246529485638, 0.0017055617627464894, 0.0017025798203987896, 0.00170282510678555, 0.001710372366441346, 0.001710021024422515, 0.001704231867533077, 0.0017087729030233485, 0.0017056265145997383, 0.001707217545984998, 0.001698378057800731, 0.0017093914089610792, 0.0016960353560824203, 0.0017061303082446786, 0.001697804943405921, 0.0017098844354970302, 0.0017041520202707456, 0.0016986105066241442, 0.0017046643812250431, 0.0017078686644765217, 0.0016948458724375976, 0.0016973848234884217, 0.001701815628627385, 0.0017064013429438957, 0.0016968501658689641, 0.00171077170694234, 0.0017039047579102539, 0.0017033015925535485, 0.001705807226592235, 0.0016972159263200044, 0.0016996237554633413, 0.0017070128643866564, 0.001707271080985445, 0.0016998384490844363, 0.001702048545854294, 0.0017082454829396973, 0.001698008547575897, 0.0017008201105145311, 0.001708366199131288, 0.0016905462477945388, 0.0017009895529062151, 0.0017000696918465568, 0.001697113089916414, 0.001696285379923374, 0.0016929878602901125, 0.0017019022968974085, 0.0017052726401896715, 0.0016982492841517048, 0.0016947957735089026]

Ratio: 0.75
Average time: 214.2365262031555
Average length: 100.0
Average rms: [0.012058116003164336, 0.008958468680504846, 0.007522209876922847, 0.006826282669501516, 0.0064115511044524785, 0.006109207247115697, 0.005839674513602944, 0.005588112974146434, 0.005359313438033369, 0.005160539881091788, 0.0049970329899931614, 0.004852131075102396, 0.004708328186569895, 0.004566316859826734, 0.004410735249259707, 0.004252626634048176, 0.004099208169545287, 0.003941285508330322, 0.00378571841645052, 0.003642437282291189, 0.0034994777714101475, 0.003364356050422264, 0.0032215819863145394, 0.003082116749700759, 0.0029386970476406845, 0.0027975820849024248, 0.0026592889506235166, 0.002537767573264649, 0.0024265687206043063, 0.0023232778808920528, 0.002226588202627094, 0.002148571163609301, 0.002072173051062422, 0.0020076157142790434, 0.0019526757289320157, 0.0018999721994141464, 0.0018647067792511294, 0.001822523202274658, 0.0017924809555567192, 0.0017627065693077227, 0.0017428385073225993, 0.0017284863903798844, 0.001714855692053534, 0.001700700197039292, 0.0016915460558331306, 0.0016799302724889336, 0.0016755193361647743, 0.00167137126316355, 0.0016662845189895953, 0.0016670633725217926, 0.001663054904086398, 0.0016608853933853765, 0.001656936391324314, 0.0016646387320495956, 0.0016579210015985467, 0.00166253215607021, 0.001659509118841325, 0.001658895096692261, 0.0016581216553368974, 0.001655697216719241, 0.001655702349039746, 0.0016545710550259804, 0.0016590237944316165, 0.001658710096850546, 0.001653004581084412, 0.0016523016156940345, 0.0016549497294246695, 0.0016497379147325853, 0.0016562156463218528, 0.0016544903463079272, 0.0016571580818815607, 0.0016585065006962615, 0.0016578558765944127, 0.0016550870981032332, 0.0016555731992884484, 0.0016552789746009503, 0.0016508302698618584, 0.0016547919675288327, 0.0016565590534052645, 0.001647936208312257, 0.001652458641303749, 0.0016605345557604496, 0.0016550525654462482, 0.0016559810128734687, 0.00165586412551259, 0.0016579108215443977, 0.0016548687421737971, 0.0016522329841538068, 0.001654092452580791, 0.0016566684136041917, 0.0016566753242834341, 0.001656357570250552, 0.0016503994562754405, 0.0016560930903627646, 0.0016570339187613123, 0.0016526513063410912, 0.0016551592500301743, 0.00165700273661932, 0.0016550945937359003, 0.0016550481130698585]

