Noise: 0.1
Total times: [19.507988929748535, 21.407979249954224, 21.91938042640686, 21.395975828170776, 21.983206510543823, 22.135249376296997, 21.535258293151855, 21.56001853942871, 21.719510316848755, 21.54783535003662, 21.789681911468506, 21.226323127746582, 21.61677837371826, 21.892356872558594, 21.636564016342163, 21.319921493530273, 21.535463571548462, 22.09071660041809, 21.539274215698242, 22.39183521270752, 21.38374400138855, 21.537034511566162, 21.917096376419067, 21.422831296920776, 21.972676992416382]
Total rms: [array([0.01467017, 0.01117606, 0.01002863, 0.0093326 , 0.00870997,
       0.00816753, 0.00772075, 0.00730536, 0.00684484, 0.00622648,
       0.00559942, 0.00513399, 0.0047772 , 0.00447215, 0.00422311,
       0.00401075, 0.00382927, 0.00367431, 0.00353829, 0.00342633,
       0.00333041, 0.00324873, 0.00317811, 0.00312213, 0.00307573,
       0.0030397 , 0.003012  , 0.00299078, 0.00297501, 0.00296366,
       0.00295591, 0.00294939, 0.00294459, 0.00294121, 0.00293851,
       0.00293631, 0.00293451, 0.00293314, 0.00293212, 0.00293151,
       0.00293113, 0.00293077, 0.00293048, 0.00293032, 0.00293021,
       0.00293013, 0.00293007, 0.00293003, 0.00293   , 0.00292997,
       0.00292994, 0.00292992, 0.00292989, 0.00292989]), array([0.01476233, 0.01124683, 0.01015911, 0.00948407, 0.00881887,
       0.00824687, 0.00769282, 0.00704449, 0.00625939, 0.00559788,
       0.00509238, 0.0047078 , 0.00440151, 0.00414162, 0.00392561,
       0.00374965, 0.00359705, 0.00346207, 0.00334469, 0.00324117,
       0.0031572 , 0.00308918, 0.00303569, 0.0029919 , 0.00295753,
       0.00293182, 0.00291366, 0.0029006 , 0.00289132, 0.0028841 ,
       0.00287862, 0.00287512, 0.00287261, 0.0028707 , 0.00286943,
       0.00286856, 0.00286792, 0.0028675 , 0.00286717, 0.00286692,
       0.00286671, 0.00286656, 0.00286647, 0.00286641, 0.00286635,
       0.00286632, 0.00286631, 0.00286629, 0.00286628]), array([0.01459185, 0.0110727 , 0.00998919, 0.00934828, 0.00873993,
       0.00818509, 0.00770797, 0.00723734, 0.00666378, 0.00591528,
       0.00533052, 0.00488655, 0.00454483, 0.00426678, 0.00403758,
       0.00384721, 0.00367305, 0.00351595, 0.00338424, 0.00327447,
       0.00318331, 0.00310875, 0.00304788, 0.00299897, 0.00296313,
       0.00293454, 0.00291213, 0.00289554, 0.00288247, 0.00287314,
       0.00286593, 0.00286033, 0.00285583, 0.00285271, 0.0028506 ,
       0.00284903, 0.00284776, 0.00284679, 0.00284603, 0.00284548,
       0.00284505, 0.00284465, 0.00284435, 0.00284416, 0.00284399,
       0.00284377, 0.00284359, 0.00284343, 0.00284334, 0.00284328,
       0.00284325, 0.00284324, 0.00284321, 0.0028432 , 0.00284319]), array([0.01460601, 0.01107592, 0.00998856, 0.00931182, 0.00865893,
       0.00806861, 0.00752982, 0.00689594, 0.00613053, 0.00550796,
       0.00506159, 0.00471189, 0.00443071, 0.00419147, 0.00399177,
       0.00382403, 0.00366961, 0.00353667, 0.00342487, 0.00332724,
       0.00324267, 0.00316872, 0.00310839, 0.00306179, 0.00302446,
       0.00299643, 0.00297641, 0.00296135, 0.00294929, 0.00294053,
       0.00293468, 0.00293067, 0.00292758, 0.00292477, 0.00292288,
       0.00292143, 0.00291999, 0.00291885, 0.00291788, 0.00291725,
       0.00291672, 0.00291629, 0.00291589, 0.00291574, 0.00291563,
       0.00291558, 0.00291555, 0.00291551, 0.00291548, 0.00291544,
       0.00291542, 0.00291542]), array([0.01473366, 0.01110927, 0.01001283, 0.00937519, 0.0087759 ,
       0.00820176, 0.00771027, 0.00723708, 0.00672504, 0.0060534 ,
       0.00547683, 0.00501805, 0.00467528, 0.00438925, 0.00413553,
       0.00393023, 0.00375942, 0.00361553, 0.00348878, 0.00338057,
       0.00328925, 0.00321341, 0.00314754, 0.00309388, 0.00305106,
       0.00301852, 0.00299339, 0.00297455, 0.00296125, 0.00295143,
       0.00294361, 0.00293832, 0.00293423, 0.00293098, 0.0029286 ,
       0.00292649, 0.00292491, 0.00292364, 0.00292257, 0.00292179,
       0.00292097, 0.0029203 , 0.00291978, 0.0029194 , 0.00291904,
       0.00291879, 0.00291864, 0.00291857, 0.0029185 , 0.00291844,
       0.00291841, 0.00291839, 0.00291838, 0.00291837, 0.00291835,
       0.00291833, 0.00291831, 0.0029183 , 0.00291828, 0.00291826,
       0.00291825, 0.00291825]), array([0.01460936, 0.01110296, 0.01002315, 0.00942048, 0.00888963,
       0.00837157, 0.00790865, 0.00747514, 0.00698743, 0.00633282,
       0.00566068, 0.00516563, 0.00478219, 0.00448017, 0.00421853,
       0.00400111, 0.0038209 , 0.00365955, 0.0035131 , 0.00338774,
       0.00328482, 0.00319634, 0.00311879, 0.00305658, 0.00300654,
       0.00296882, 0.00294052, 0.00291881, 0.00290281, 0.00289111,
       0.00288238, 0.00287581, 0.00287097, 0.00286658, 0.00286352,
       0.0028608 , 0.00285835, 0.00285565, 0.00285399, 0.00285281,
       0.00285202, 0.00285139, 0.00285096, 0.00285057, 0.0028502 ,
       0.00284996, 0.00284977, 0.00284954, 0.00284925, 0.00284905,
       0.00284885, 0.00284867, 0.00284852, 0.00284843, 0.00284838,
       0.00284834, 0.00284832, 0.00284829, 0.00284826, 0.00284824,
       0.00284822, 0.00284821]), array([0.01481389, 0.01128919, 0.01007769, 0.00936095, 0.00872684,
       0.00820011, 0.00776881, 0.00737485, 0.00695905, 0.00644084,
       0.00577563, 0.00523179, 0.00482994, 0.00449499, 0.00422673,
       0.00399638, 0.00380235, 0.00363583, 0.00348409, 0.00334726,
       0.00323705, 0.00314742, 0.00307482, 0.00301604, 0.00296928,
       0.00293413, 0.00290716, 0.00288523, 0.00286802, 0.00285613,
       0.00284817, 0.00284201, 0.00283741, 0.00283401, 0.00283107,
       0.00282885, 0.00282721, 0.00282622, 0.00282545, 0.00282475,
       0.00282427, 0.00282397, 0.00282374, 0.0028236 , 0.00282349,
       0.00282336, 0.00282329, 0.00282322, 0.00282318, 0.00282314,
       0.00282311, 0.00282308, 0.00282307, 0.00282306]), array([0.0146348 , 0.01114411, 0.00999044, 0.00932235, 0.00871156,
       0.00818804, 0.0077438 , 0.00732565, 0.00687271, 0.00626286,
       0.00567742, 0.00526026, 0.00490358, 0.00458502, 0.0043272 ,
       0.00409474, 0.00389462, 0.00372187, 0.00357016, 0.00344403,
       0.0033342 , 0.0032465 , 0.00317376, 0.00311456, 0.00307026,
       0.00303504, 0.0030086 , 0.00298825, 0.0029727 , 0.00296058,
       0.00295138, 0.00294462, 0.0029395 , 0.00293552, 0.00293244,
       0.00293033, 0.00292906, 0.00292801, 0.00292719, 0.00292646,
       0.00292575, 0.00292532, 0.00292501, 0.00292473, 0.00292438,
       0.00292403, 0.00292386, 0.00292375, 0.00292368, 0.00292363,
       0.0029236 , 0.00292359, 0.00292358]), array([0.0147093 , 0.01120085, 0.01008329, 0.0093845 , 0.00873946,
       0.00817778, 0.00767363, 0.00713171, 0.00642222, 0.00574886,
       0.00522406, 0.00485344, 0.00454903, 0.00428703, 0.0040643 ,
       0.00387785, 0.00371423, 0.00356646, 0.00344255, 0.00333822,
       0.00325355, 0.00318372, 0.0031255 , 0.00307736, 0.00303967,
       0.00301258, 0.00299166, 0.00297579, 0.00296399, 0.0029553 ,
       0.00294979, 0.0029457 , 0.00294228, 0.00293933, 0.00293701,
       0.00293539, 0.00293419, 0.00293336, 0.00293279, 0.00293234,
       0.00293199, 0.00293171, 0.0029314 , 0.00293119, 0.00293103,
       0.00293088, 0.00293079, 0.00293074, 0.00293071, 0.00293068,
       0.00293063, 0.00293059, 0.00293056, 0.00293053, 0.00293052,
       0.00293051]), array([0.01485475, 0.01128493, 0.01012842, 0.0093974 , 0.0087157 ,
       0.00812675, 0.0075952 , 0.00701377, 0.00624275, 0.00553826,
       0.00505653, 0.00470206, 0.00441572, 0.00416068, 0.00395368,
       0.00377399, 0.00361218, 0.00347606, 0.00336389, 0.00327318,
       0.00319766, 0.00313737, 0.00308802, 0.00305054, 0.00302123,
       0.00300068, 0.00298432, 0.00297124, 0.00296255, 0.00295584,
       0.00295088, 0.00294665, 0.00294384, 0.00294193, 0.00294069,
       0.00293951, 0.00293816, 0.00293715, 0.00293642, 0.00293585,
       0.0029354 , 0.00293509, 0.00293481, 0.00293465, 0.00293454,
       0.00293449, 0.00293445, 0.00293441, 0.00293439, 0.00293437,
       0.00293437]), array([0.01480683, 0.01127964, 0.01009192, 0.00938319, 0.00877373,
       0.0082464 , 0.00779371, 0.0073539 , 0.00682424, 0.00610592,
       0.00544516, 0.00497664, 0.00461584, 0.00431687, 0.00407176,
       0.00386862, 0.00369534, 0.00354242, 0.00340926, 0.00329435,
       0.00319734, 0.00311352, 0.00304712, 0.00299568, 0.00295575,
       0.00292463, 0.00290006, 0.00288328, 0.00287015, 0.00286007,
       0.00285262, 0.0028467 , 0.00284141, 0.00283749, 0.00283498,
       0.00283296, 0.00283133, 0.00283007, 0.00282912, 0.0028282 ,
       0.00282733, 0.00282663, 0.00282622, 0.00282595, 0.00282576,
       0.00282556, 0.00282541, 0.00282535, 0.00282531, 0.0028253 ,
       0.00282527, 0.00282523, 0.00282522, 0.0028252 , 0.00282519,
       0.00282518]), array([0.01469273, 0.01120387, 0.01005038, 0.00934133, 0.00867779,
       0.00812206, 0.0076556 , 0.00717958, 0.00658704, 0.00586503,
       0.00528673, 0.00487453, 0.00455474, 0.00428698, 0.00404947,
       0.00384972, 0.0036762 , 0.00352675, 0.00340348, 0.00330224,
       0.00321679, 0.00314371, 0.00308288, 0.00303474, 0.00299843,
       0.00296992, 0.00294962, 0.00293508, 0.00292392, 0.00291598,
       0.00290987, 0.00290585, 0.00290294, 0.00290077, 0.00289886,
       0.00289745, 0.00289656, 0.00289593, 0.00289537, 0.00289498,
       0.00289458, 0.00289428, 0.00289416, 0.00289408, 0.00289401,
       0.00289393, 0.00289388, 0.00289384, 0.00289383, 0.00289382,
       0.00289381]), array([0.01474181, 0.01120788, 0.01009131, 0.00942814, 0.00881678,
       0.00825699, 0.00779129, 0.00737058, 0.00690294, 0.00631892,
       0.00566922, 0.00518535, 0.00480642, 0.00450127, 0.0042426 ,
       0.00402699, 0.00384734, 0.00368859, 0.00354983, 0.00343007,
       0.00332887, 0.00324732, 0.00317847, 0.00311775, 0.00306891,
       0.00303028, 0.00300125, 0.0029787 , 0.00296111, 0.00294796,
       0.00293761, 0.00292958, 0.00292392, 0.00292026, 0.00291747,
       0.00291548, 0.00291385, 0.00291256, 0.00291145, 0.00291066,
       0.00291005, 0.00290967, 0.00290936, 0.00290916, 0.00290894,
       0.00290882, 0.00290873, 0.00290867, 0.00290859, 0.00290854,
       0.0029085 , 0.00290848, 0.00290844, 0.00290842, 0.00290841,
       0.0029084 ]), array([0.0149282 , 0.01133283, 0.01015567, 0.00942207, 0.00875786,
       0.00820894, 0.00775233, 0.00730317, 0.00682378, 0.00619528,
       0.00558826, 0.00515271, 0.00478719, 0.00449287, 0.00424429,
       0.00403699, 0.00385694, 0.00369651, 0.0035659 , 0.00345983,
       0.00337249, 0.00329578, 0.00323065, 0.00317968, 0.00314043,
       0.00311102, 0.00308848, 0.00307186, 0.00305981, 0.00305013,
       0.00304196, 0.00303599, 0.00303143, 0.00302768, 0.00302471,
       0.00302228, 0.0030205 , 0.00301909, 0.00301799, 0.00301731,
       0.00301683, 0.00301652, 0.00301626, 0.00301608, 0.00301587,
       0.00301572, 0.00301557, 0.00301541, 0.00301533, 0.00301528,
       0.00301524, 0.0030152 , 0.00301515, 0.00301512, 0.00301511,
       0.0030151 , 0.00301505, 0.00301502, 0.003015  , 0.00301499]), array([0.01445914, 0.01100506, 0.00995145, 0.00933751, 0.00878709,
       0.00823368, 0.00775769, 0.00733764, 0.00687021, 0.00623053,
       0.00562621, 0.00515542, 0.00479849, 0.00449935, 0.00425264,
       0.00403949, 0.00385465, 0.00369309, 0.00354843, 0.00342195,
       0.0033208 , 0.00323486, 0.0031623 , 0.00310401, 0.00305598,
       0.003016  , 0.00298636, 0.00296487, 0.00294794, 0.00293505,
       0.00292488, 0.00291645, 0.00291016, 0.00290525, 0.00290161,
       0.0028994 , 0.00289778, 0.00289616, 0.0028948 , 0.0028939 ,
       0.00289314, 0.00289262, 0.00289212, 0.00289177, 0.0028916 ,
       0.00289145, 0.00289132, 0.00289122, 0.00289116, 0.00289111,
       0.00289107, 0.00289105, 0.00289103, 0.00289102, 0.00289102]), array([0.0147771 , 0.01127662, 0.01012509, 0.00936175, 0.00865568,
       0.008038  , 0.00744703, 0.00670392, 0.00595314, 0.00536929,
       0.00494585, 0.00462714, 0.00435654, 0.00412899, 0.00393165,
       0.00375953, 0.00360687, 0.00347696, 0.00337097, 0.00327635,
       0.00319655, 0.00313304, 0.00308299, 0.00304043, 0.00300741,
       0.00298439, 0.00296597, 0.00295288, 0.00294309, 0.00293561,
       0.00293002, 0.00292599, 0.00292278, 0.00292058, 0.00291875,
       0.00291767, 0.00291691, 0.00291632, 0.00291596, 0.00291579,
       0.0029157 , 0.00291563, 0.00291558, 0.00291555, 0.00291552,
       0.00291549, 0.00291544, 0.00291539, 0.00291536, 0.00291535]), array([0.01478613, 0.01120598, 0.01005793, 0.0093571 , 0.00870117,
       0.00812509, 0.0076568 , 0.00717521, 0.00663795, 0.00598352,
       0.0054256 , 0.00498494, 0.00465539, 0.00437773, 0.00414279,
       0.00394429, 0.00377053, 0.0036162 , 0.00348074, 0.00336896,
       0.00327621, 0.00319971, 0.00313823, 0.00309058, 0.00305066,
       0.00301772, 0.00299307, 0.00297484, 0.00295971, 0.00294956,
       0.00294264, 0.00293711, 0.00293238, 0.00292859, 0.00292548,
       0.00292326, 0.00292147, 0.00292006, 0.00291913, 0.00291836,
       0.00291782, 0.00291745, 0.00291719, 0.00291693, 0.00291673,
       0.00291657, 0.00291629, 0.00291617, 0.00291609, 0.00291605,
       0.00291602, 0.00291601, 0.002916  ]), array([0.01465805, 0.01113483, 0.01003888, 0.00939901, 0.00878517,
       0.00824055, 0.00776598, 0.00729035, 0.00673626, 0.00596481,
       0.00536152, 0.00493414, 0.00460475, 0.00432906, 0.00409485,
       0.00389836, 0.00372281, 0.00356742, 0.00343521, 0.00332291,
       0.00322669, 0.0031499 , 0.00308753, 0.00303757, 0.00299803,
       0.00296872, 0.00294849, 0.00293288, 0.00292089, 0.00291135,
       0.00290417, 0.00289879, 0.00289461, 0.00289189, 0.00289002,
       0.00288877, 0.00288785, 0.00288714, 0.00288651, 0.0028861 ,
       0.00288583, 0.00288559, 0.0028854 , 0.00288527, 0.00288518,
       0.00288507, 0.00288499, 0.0028849 , 0.00288485, 0.00288477,
       0.00288472, 0.00288467, 0.00288458, 0.00288452, 0.00288445,
       0.00288438, 0.00288435, 0.00288432, 0.0028843 , 0.0028843 ]), array([0.01487629, 0.01140837, 0.01020672, 0.00944103, 0.00875127,
       0.00816325, 0.00764046, 0.00709543, 0.00638684, 0.0056618 ,
       0.00515026, 0.00477026, 0.00445652, 0.00420083, 0.00399226,
       0.0038117 , 0.00365051, 0.00350386, 0.00337538, 0.00326993,
       0.00318194, 0.00311077, 0.00305254, 0.00300645, 0.00297068,
       0.00294312, 0.00292154, 0.0029064 , 0.00289478, 0.00288645,
       0.00288037, 0.00287577, 0.00287208, 0.00286923, 0.0028673 ,
       0.00286573, 0.00286486, 0.00286424, 0.00286375, 0.00286332,
       0.00286295, 0.0028627 , 0.00286251, 0.00286238, 0.00286227,
       0.00286215, 0.00286205, 0.00286197, 0.00286191, 0.00286187,
       0.00286186, 0.00286185]), array([0.01449651, 0.01099772, 0.00995045, 0.00939845, 0.00890015,
       0.00839041, 0.00791645, 0.00749148, 0.0070367 , 0.00644239,
       0.00575389, 0.00524324, 0.00484039, 0.00452168, 0.00425203,
       0.00401477, 0.00381411, 0.00364134, 0.00349263, 0.00336347,
       0.00325706, 0.00317041, 0.00309801, 0.00303921, 0.00299177,
       0.00295441, 0.00292415, 0.00289892, 0.00288247, 0.00286981,
       0.00286006, 0.0028527 , 0.00284657, 0.00284215, 0.00283892,
       0.00283639, 0.00283471, 0.00283337, 0.00283223, 0.00283143,
       0.00283079, 0.00283027, 0.00282976, 0.00282934, 0.00282898,
       0.00282869, 0.00282848, 0.00282837, 0.0028283 , 0.00282824,
       0.00282814, 0.00282802, 0.00282792, 0.00282786, 0.0028278 ,
       0.00282776, 0.00282772, 0.0028277 , 0.00282768, 0.00282765,
       0.00282763, 0.00282762, 0.00282761]), array([0.01495526, 0.0114175 , 0.0102476 , 0.00945558, 0.00873141,
       0.00812281, 0.00752161, 0.00680824, 0.00602905, 0.00541736,
       0.00497487, 0.00462921, 0.00435137, 0.00411384, 0.00390862,
       0.00373117, 0.00357345, 0.00344035, 0.0033324 , 0.00324256,
       0.00316873, 0.00310493, 0.0030559 , 0.00302014, 0.00299323,
       0.002972  , 0.00295664, 0.00294494, 0.00293706, 0.00293128,
       0.0029262 , 0.00292212, 0.00291935, 0.00291722, 0.00291523,
       0.00291392, 0.00291317, 0.00291276, 0.00291251, 0.0029123 ,
       0.00291215, 0.00291205, 0.00291195, 0.00291185, 0.00291178,
       0.00291173, 0.00291171, 0.00291169, 0.00291168, 0.00291167,
       0.00291166]), array([0.01493815, 0.01141014, 0.01023938, 0.00950988, 0.00883164,
       0.00825132, 0.00774679, 0.00718637, 0.00641975, 0.00572452,
       0.00524693, 0.00486856, 0.00454672, 0.00427905, 0.00406299,
       0.00387115, 0.00369986, 0.00355196, 0.00342054, 0.00331051,
       0.00322077, 0.00315237, 0.00310332, 0.00306619, 0.00303864,
       0.00301843, 0.00300299, 0.00299224, 0.00298417, 0.00297833,
       0.00297387, 0.00297021, 0.00296772, 0.00296584, 0.00296459,
       0.00296363, 0.00296269, 0.00296188, 0.00296123, 0.00296063,
       0.00296008, 0.00295966, 0.00295928, 0.00295905, 0.0029589 ,
       0.00295883, 0.00295878, 0.00295874, 0.00295871, 0.00295869,
       0.00295868]), array([0.014735  , 0.01114883, 0.01002998, 0.00934475, 0.00870439,
       0.00813238, 0.00759861, 0.00699406, 0.00620138, 0.0055232 ,
       0.00503015, 0.00464886, 0.00435065, 0.00408953, 0.0038637 ,
       0.00367162, 0.00351327, 0.00337832, 0.00325813, 0.00315616,
       0.00307135, 0.0030019 , 0.00294541, 0.00289882, 0.00286338,
       0.00283551, 0.00281493, 0.00279982, 0.00278797, 0.00277926,
       0.00277312, 0.00276829, 0.00276459, 0.0027616 , 0.00275969,
       0.00275815, 0.00275693, 0.0027562 , 0.00275551, 0.00275492,
       0.00275442, 0.00275402, 0.00275375, 0.0027536 , 0.00275347,
       0.00275336, 0.00275329, 0.00275323, 0.00275319, 0.00275315,
       0.00275312, 0.00275309, 0.00275306, 0.00275303, 0.00275299,
       0.00275296, 0.00275295, 0.00275294]), array([0.01488578, 0.01135359, 0.01017162, 0.00940059, 0.00870461,
       0.00812702, 0.00761615, 0.007026  , 0.0062612 , 0.00560726,
       0.00512266, 0.00474093, 0.00443863, 0.00418107, 0.00396351,
       0.0037778 , 0.00361524, 0.00347417, 0.00335719, 0.00325778,
       0.00317479, 0.00310872, 0.0030557 , 0.00301551, 0.00298465,
       0.00296267, 0.00294633, 0.00293386, 0.00292431, 0.00291743,
       0.00291269, 0.00290893, 0.00290568, 0.00290332, 0.0029016 ,
       0.00290014, 0.00289917, 0.00289848, 0.0028979 , 0.00289741,
       0.00289708, 0.00289676, 0.00289657, 0.00289635, 0.00289619,
       0.00289609, 0.00289604, 0.00289601, 0.00289599, 0.00289596,
       0.00289595]), array([0.01484821, 0.01129955, 0.01018004, 0.00947162, 0.00880922,
       0.00824722, 0.00772022, 0.00712275, 0.00637049, 0.00572088,
       0.0052338 , 0.0048607 , 0.00456982, 0.00432915, 0.00413025,
       0.00395647, 0.00379547, 0.00365415, 0.00353362, 0.00343365,
       0.00335051, 0.00328219, 0.00322774, 0.00318726, 0.00315834,
       0.00313643, 0.00312079, 0.00310808, 0.00309848, 0.00309188,
       0.00308682, 0.00308299, 0.00308001, 0.0030776 , 0.00307608,
       0.00307435, 0.00307308, 0.00307202, 0.00307115, 0.00307055,
       0.00307024, 0.00307001, 0.00306986, 0.00306973, 0.00306964,
       0.00306954, 0.00306945, 0.00306938, 0.00306934, 0.00306929,
       0.00306926, 0.00306925, 0.00306923, 0.00306922, 0.00306921])]

Noise: 0.25
Total times: [21.792518377304077, 22.267112255096436, 21.758577346801758, 22.057412147521973, 21.873162746429443, 24.24835777282715, 21.546732187271118, 22.003108024597168, 21.43211555480957, 21.62642216682434, 21.74155044555664, 21.639532804489136, 21.89987850189209, 22.074073553085327, 21.625828742980957, 21.300452709197998, 21.45174264907837, 22.244553327560425, 21.521940231323242, 21.6096773147583, 21.365137100219727, 21.64037036895752, 22.00762391090393, 21.567945957183838, 21.39289903640747]
Total rms: [array([0.01490469, 0.01130005, 0.01009802, 0.00932505, 0.00862348,
       0.00802228, 0.00746947, 0.00682451, 0.00605445, 0.00545694,
       0.00500653, 0.00465736, 0.00437996, 0.00414828, 0.00395659,
       0.00379761, 0.00365598, 0.00353498, 0.0034317 , 0.00334285,
       0.00326299, 0.00319811, 0.00314464, 0.00310242, 0.00307   ,
       0.0030464 , 0.00302968, 0.00301652, 0.00300662, 0.00299949,
       0.00299445, 0.0029904 , 0.00298729, 0.00298517, 0.0029834 ,
       0.00298202, 0.00298103, 0.00298026, 0.00297969, 0.00297893,
       0.00297843, 0.00297802, 0.00297768, 0.00297733, 0.00297703,
       0.00297682, 0.00297671, 0.00297663, 0.00297659, 0.00297656,
       0.00297652, 0.00297647, 0.00297643, 0.00297642, 0.00297641]), array([0.01488584, 0.0113044 , 0.01010303, 0.00933504, 0.00865615,
       0.00809694, 0.00759461, 0.0070488 , 0.00634717, 0.005708  ,
       0.00520504, 0.00483693, 0.00453748, 0.00428371, 0.00406908,
       0.00388835, 0.00372937, 0.00358896, 0.00347344, 0.00337993,
       0.00330107, 0.00323334, 0.00317726, 0.00313244, 0.00309788,
       0.00307148, 0.00305187, 0.00303764, 0.00302671, 0.00301893,
       0.00301292, 0.00300904, 0.00300605, 0.00300369, 0.0030019 ,
       0.00300062, 0.00299971, 0.002999  , 0.00299841, 0.00299804,
       0.00299778, 0.00299757, 0.00299739, 0.00299731, 0.00299726,
       0.00299721, 0.00299717, 0.00299714, 0.00299712, 0.00299709,
       0.00299705, 0.00299697, 0.00299689, 0.00299685, 0.00299682,
       0.0029968 , 0.00299678, 0.00299675, 0.00299673, 0.00299672,
       0.00299671]), array([0.01457695, 0.0110947 , 0.00998115, 0.00928624, 0.00866716,
       0.00812622, 0.00770218, 0.0073274 , 0.00688886, 0.00632159,
       0.00565673, 0.0051861 , 0.00482699, 0.00453634, 0.00429327,
       0.00408207, 0.00390112, 0.00373842, 0.00359572, 0.00347677,
       0.00337441, 0.00328595, 0.00321512, 0.0031537 , 0.00310472,
       0.00306504, 0.00303269, 0.00300654, 0.00298782, 0.00297452,
       0.00296386, 0.00295564, 0.00294903, 0.00294349, 0.0029391 ,
       0.00293568, 0.00293317, 0.00293115, 0.00292953, 0.00292829,
       0.00292737, 0.00292681, 0.00292639, 0.00292602, 0.00292575,
       0.00292552, 0.00292539, 0.00292524, 0.00292517, 0.00292513,
       0.00292512, 0.00292511]), array([0.01476887, 0.01123064, 0.01012847, 0.00945159, 0.00879517,
       0.00822526, 0.0076987 , 0.00710658, 0.00634497, 0.00569734,
       0.00522607, 0.00486295, 0.00455637, 0.00429787, 0.00408192,
       0.00389554, 0.00372839, 0.00358557, 0.00346793, 0.00336748,
       0.00328674, 0.00322016, 0.00316714, 0.00312142, 0.00308536,
       0.00305705, 0.00303442, 0.00301799, 0.00300355, 0.00299411,
       0.00298748, 0.0029826 , 0.00297902, 0.00297639, 0.00297423,
       0.0029726 , 0.00297129, 0.00297025, 0.00296945, 0.00296893,
       0.00296849, 0.00296813, 0.00296784, 0.00296757, 0.00296731,
       0.00296709, 0.00296692, 0.00296682, 0.00296672, 0.00296665,
       0.00296657, 0.00296653, 0.0029665 , 0.00296648, 0.00296647,
       0.00296645, 0.0029664 , 0.00296637, 0.00296636]), array([0.01472745, 0.01120647, 0.01007072, 0.00939762, 0.00878305,
       0.00825628, 0.00781259, 0.00740092, 0.00693061, 0.00630966,
       0.00566849, 0.0051584 , 0.0047681 , 0.00444482, 0.00418488,
       0.00396294, 0.00377405, 0.00361379, 0.00347734, 0.00336142,
       0.00326461, 0.00318359, 0.0031186 , 0.00306983, 0.00303036,
       0.00299858, 0.00297359, 0.00295499, 0.00294055, 0.00292915,
       0.00292165, 0.00291602, 0.00291181, 0.00290857, 0.00290615,
       0.00290437, 0.00290292, 0.00290185, 0.00290112, 0.0029004 ,
       0.00289975, 0.00289903, 0.0028986 , 0.00289826, 0.00289799,
       0.0028978 , 0.00289769, 0.00289763, 0.00289758, 0.00289753,
       0.00289748, 0.00289737, 0.00289729, 0.00289724, 0.0028972 ,
       0.00289718, 0.00289716, 0.00289715]), array([0.0148061 , 0.0112963 , 0.01015559, 0.00941658, 0.00871218,
       0.00811146, 0.00750229, 0.0067209 , 0.00600605, 0.00546698,
       0.00504591, 0.00469936, 0.00441837, 0.00418811, 0.00399877,
       0.00383741, 0.00369311, 0.00356141, 0.00345149, 0.00335837,
       0.00328359, 0.00322168, 0.00317118, 0.00313297, 0.00310496,
       0.00308332, 0.0030659 , 0.00305256, 0.00304192, 0.00303296,
       0.00302583, 0.00302089, 0.00301743, 0.00301479, 0.00301244,
       0.00301036, 0.00300876, 0.00300766, 0.0030069 , 0.0030064 ,
       0.0030061 , 0.0030059 , 0.00300578, 0.00300569, 0.00300563,
       0.00300556, 0.00300549, 0.00300545, 0.00300543, 0.0030054 ,
       0.00300539, 0.00300537, 0.00300537]), array([0.01472451, 0.01117508, 0.01006985, 0.00937627, 0.00869892,
       0.00810348, 0.00757443, 0.00700119, 0.0062756 , 0.00560851,
       0.0051014 , 0.00472849, 0.00442795, 0.00418026, 0.00397191,
       0.00379014, 0.00363543, 0.00349626, 0.00337695, 0.00327698,
       0.00319215, 0.0031201 , 0.00306315, 0.00301621, 0.00297691,
       0.00294784, 0.00292592, 0.00291072, 0.00289999, 0.00289228,
       0.00288636, 0.0028814 , 0.00287794, 0.00287548, 0.00287364,
       0.00287235, 0.00287134, 0.00287044, 0.00286983, 0.00286939,
       0.00286905, 0.00286884, 0.00286866, 0.00286846, 0.0028683 ,
       0.00286817, 0.00286807, 0.00286798, 0.00286791, 0.00286787,
       0.00286785, 0.00286784, 0.00286784]), array([0.01457157, 0.01107634, 0.01000902, 0.00935758, 0.00870141,
       0.00810543, 0.00758818, 0.00702483, 0.00629586, 0.00562428,
       0.00513038, 0.00475315, 0.0044479 , 0.00419545, 0.00397707,
       0.00379822, 0.00364443, 0.00350317, 0.00337891, 0.003273  ,
       0.00318309, 0.00310818, 0.00304633, 0.00299532, 0.00295368,
       0.00292243, 0.00289906, 0.00288088, 0.00286784, 0.00285845,
       0.00285119, 0.00284558, 0.00284057, 0.00283684, 0.00283375,
       0.00283113, 0.00282912, 0.00282757, 0.00282644, 0.00282573,
       0.00282512, 0.00282473, 0.00282447, 0.00282432, 0.00282419,
       0.00282408, 0.00282396, 0.00282386, 0.00282377, 0.00282368,
       0.00282361, 0.00282356, 0.00282351, 0.00282346, 0.00282342,
       0.0028234 , 0.00282339]), array([0.01474342, 0.01117712, 0.01009998, 0.00947078, 0.00888371,
       0.00832953, 0.00785153, 0.00741186, 0.00688391, 0.00611421,
       0.00546588, 0.00501075, 0.00466345, 0.00437769, 0.00412716,
       0.00392185, 0.00374233, 0.00358397, 0.00344899, 0.00333281,
       0.00323751, 0.00315881, 0.00309726, 0.00305014, 0.00301443,
       0.00298902, 0.00296978, 0.0029547 , 0.00294327, 0.00293425,
       0.00292713, 0.00292103, 0.00291674, 0.00291416, 0.00291233,
       0.00291068, 0.0029091 , 0.00290798, 0.00290714, 0.0029065 ,
       0.00290612, 0.00290584, 0.00290561, 0.0029054 , 0.00290526,
       0.00290515, 0.00290507, 0.00290501, 0.00290496, 0.00290494,
       0.00290492, 0.00290491]), array([0.01466571, 0.01110652, 0.01001568, 0.00941195, 0.00888302,
       0.00837462, 0.00793003, 0.00753595, 0.00710698, 0.00658365,
       0.00591206, 0.00538597, 0.00499312, 0.00464984, 0.00437052,
       0.00413481, 0.00392535, 0.00374563, 0.00358341, 0.003441  ,
       0.00332786, 0.00323405, 0.00315681, 0.00309517, 0.003046  ,
       0.00300853, 0.00297962, 0.00295815, 0.00294236, 0.00292998,
       0.00291998, 0.00291311, 0.00290794, 0.00290376, 0.00290007,
       0.00289737, 0.0028955 , 0.00289403, 0.00289295, 0.0028921 ,
       0.00289131, 0.00289068, 0.00289012, 0.0028898 , 0.00288956,
       0.0028894 , 0.00288932, 0.00288927, 0.00288923, 0.0028892 ,
       0.00288918, 0.00288915, 0.00288913, 0.0028891 , 0.00288909,
       0.00288908]), array([0.01476302, 0.01123401, 0.01008714, 0.00935672, 0.0086541 ,
       0.00805692, 0.00746625, 0.00670272, 0.00595305, 0.00537334,
       0.00494723, 0.00460631, 0.00433071, 0.00409471, 0.00389524,
       0.00372232, 0.00357346, 0.00344791, 0.00333988, 0.0032527 ,
       0.00318039, 0.00312166, 0.00307564, 0.00303612, 0.00300315,
       0.00297474, 0.00295604, 0.00294342, 0.00293492, 0.00292855,
       0.00292318, 0.00291881, 0.00291574, 0.00291329, 0.0029114 ,
       0.00291018, 0.00290936, 0.00290882, 0.00290843, 0.00290812,
       0.0029079 , 0.00290776, 0.00290766, 0.00290757, 0.0029075 ,
       0.00290744, 0.00290738, 0.00290733, 0.00290728, 0.00290726,
       0.00290724, 0.00290723, 0.00290721, 0.0029072 , 0.0029072 ]), array([0.01466737, 0.01118565, 0.01006031, 0.00934783, 0.00866374,
       0.00807546, 0.00756118, 0.00696575, 0.00618648, 0.00555457,
       0.00510897, 0.00475624, 0.00446404, 0.00421056, 0.0039981 ,
       0.0038175 , 0.00365256, 0.00349975, 0.00336877, 0.00325969,
       0.00317048, 0.00309996, 0.00304356, 0.00299825, 0.00296142,
       0.00293437, 0.0029146 , 0.00289945, 0.00288757, 0.00287882,
       0.00287226, 0.00286733, 0.00286381, 0.00286118, 0.00285868,
       0.00285672, 0.00285522, 0.0028542 , 0.00285344, 0.0028527 ,
       0.00285215, 0.00285173, 0.00285133, 0.00285113, 0.00285101,
       0.00285091, 0.00285083, 0.00285078, 0.00285076, 0.00285074,
       0.00285074]), array([0.0148325 , 0.01132174, 0.0101481 , 0.0094448 , 0.00879754,
       0.00823663, 0.00776339, 0.00731768, 0.00680578, 0.00614376,
       0.00551973, 0.00506802, 0.00470868, 0.00442002, 0.00417294,
       0.00396289, 0.00377821, 0.00361906, 0.00348289, 0.00336856,
       0.00327374, 0.0031983 , 0.00313644, 0.00308691, 0.00304618,
       0.0030152 , 0.00299168, 0.00297462, 0.00296257, 0.00295345,
       0.00294693, 0.00294191, 0.00293837, 0.00293557, 0.00293363,
       0.00293206, 0.00293057, 0.00292947, 0.00292859, 0.0029279 ,
       0.00292714, 0.00292642, 0.00292603, 0.00292575, 0.00292554,
       0.00292535, 0.00292525, 0.00292512, 0.00292501, 0.00292494,
       0.00292489, 0.00292485, 0.00292481, 0.00292478, 0.00292477,
       0.00292475, 0.00292475]), array([0.01481689, 0.01125126, 0.01015599, 0.00947117, 0.0087984 ,
       0.00819632, 0.0076342 , 0.00696719, 0.00617678, 0.00553315,
       0.00506384, 0.00470886, 0.00440513, 0.00414554, 0.00392886,
       0.00375192, 0.00360326, 0.00347173, 0.00336246, 0.00326805,
       0.00318897, 0.00312665, 0.00307123, 0.00302623, 0.00299227,
       0.00296658, 0.00294603, 0.00292963, 0.00291799, 0.00290989,
       0.00290445, 0.00289941, 0.0028956 , 0.00289261, 0.0028902 ,
       0.00288849, 0.00288718, 0.00288613, 0.00288551, 0.00288511,
       0.00288483, 0.00288468, 0.00288452, 0.00288438, 0.00288432,
       0.00288428, 0.00288422, 0.00288417, 0.00288411, 0.00288404,
       0.00288398, 0.00288395, 0.0028839 , 0.00288382, 0.00288379,
       0.00288375, 0.00288373, 0.00288371, 0.0028837 ]), array([0.01465066, 0.01116851, 0.01010145, 0.00948315, 0.00891936,
       0.00837127, 0.00791596, 0.00750527, 0.00705593, 0.00641353,
       0.00566289, 0.00517016, 0.00479693, 0.00450021, 0.00424255,
       0.00402369, 0.00384375, 0.0036915 , 0.00355365, 0.00343429,
       0.00333239, 0.00324564, 0.00317608, 0.00311776, 0.00307085,
       0.00303453, 0.00300667, 0.00298631, 0.00297027, 0.002958  ,
       0.00294923, 0.00294269, 0.00293775, 0.00293361, 0.00293049,
       0.00292834, 0.00292674, 0.00292554, 0.00292455, 0.00292377,
       0.00292316, 0.00292266, 0.0029222 , 0.00292184, 0.0029216 ,
       0.00292146, 0.00292135, 0.00292127, 0.0029212 , 0.00292115,
       0.00292107, 0.00292102, 0.002921  , 0.00292099, 0.00292098]), array([0.01484895, 0.01130553, 0.01014928, 0.00947446, 0.00883632,
       0.0082547 , 0.00773506, 0.00716871, 0.00641793, 0.00571504,
       0.00521292, 0.00484145, 0.00453742, 0.00427565, 0.00405597,
       0.00386363, 0.00369452, 0.00354743, 0.0034236 , 0.00331779,
       0.00322887, 0.00315611, 0.00309764, 0.00305459, 0.00302357,
       0.00300055, 0.00298238, 0.00296783, 0.00295693, 0.00294945,
       0.00294401, 0.00293961, 0.00293628, 0.00293347, 0.00293151,
       0.00292989, 0.00292874, 0.00292776, 0.00292704, 0.0029265 ,
       0.00292609, 0.00292579, 0.0029256 , 0.00292549, 0.00292542,
       0.00292536, 0.00292531, 0.00292529, 0.00292528]), array([0.01462559, 0.01117739, 0.01006535, 0.0093777 , 0.00872782,
       0.00815341, 0.00765816, 0.00709604, 0.00628201, 0.00556568,
       0.00503913, 0.00465868, 0.00435919, 0.00409396, 0.00386795,
       0.00368072, 0.00352074, 0.00337759, 0.00325689, 0.00315277,
       0.00306576, 0.00299784, 0.00293963, 0.00289384, 0.0028607 ,
       0.00283576, 0.00281789, 0.00280429, 0.00279329, 0.00278354,
       0.00277602, 0.00277062, 0.00276664, 0.00276365, 0.00276151,
       0.00276003, 0.00275899, 0.00275828, 0.00275763, 0.00275713,
       0.00275674, 0.0027564 , 0.00275618, 0.002756  , 0.00275587,
       0.00275578, 0.00275572, 0.00275569, 0.00275566, 0.00275564,
       0.00275563]), array([0.0146992 , 0.0111818 , 0.0100739 , 0.00940325, 0.00875023,
       0.0081619 , 0.00766073, 0.00714692, 0.006483  , 0.00580201,
       0.00528607, 0.00490824, 0.00459004, 0.00433084, 0.00410733,
       0.0039166 , 0.00374484, 0.00359083, 0.00345872, 0.00335191,
       0.00325907, 0.00318064, 0.003116  , 0.00306154, 0.00301821,
       0.00298651, 0.00296311, 0.00294561, 0.00293139, 0.00292101,
       0.00291343, 0.00290773, 0.0029031 , 0.00290001, 0.00289783,
       0.00289589, 0.00289453, 0.00289349, 0.00289266, 0.00289192,
       0.00289146, 0.00289112, 0.00289089, 0.00289072, 0.00289058,
       0.00289047, 0.00289043, 0.00289041, 0.00289039, 0.00289035,
       0.00289031, 0.00289028, 0.00289023, 0.00289021, 0.00289017,
       0.00289015, 0.00289013, 0.00289008, 0.00289005, 0.00289003,
       0.00289001, 0.00288998, 0.00288995, 0.00288991, 0.0028899 ]), array([0.01486343, 0.01134009, 0.01015537, 0.00941765, 0.00873822,
       0.00816093, 0.00765866, 0.00712109, 0.00639036, 0.00568209,
       0.00518055, 0.00480187, 0.0044984 , 0.0042457 , 0.00402753,
       0.0038427 , 0.0036823 , 0.00354204, 0.00342455, 0.00332858,
       0.00324464, 0.00317754, 0.00312203, 0.00307698, 0.00304183,
       0.00301326, 0.00299303, 0.00297833, 0.00296735, 0.0029592 ,
       0.00295402, 0.00295011, 0.00294733, 0.00294506, 0.00294289,
       0.00294133, 0.00293995, 0.00293901, 0.0029384 , 0.00293801,
       0.00293767, 0.00293742, 0.00293721, 0.00293708, 0.00293697,
       0.00293688, 0.00293681, 0.00293678, 0.00293676, 0.00293675,
       0.00293674]), array([0.01479023, 0.01121998, 0.0100864 , 0.00941372, 0.00876296,
       0.00818452, 0.00768895, 0.00719005, 0.00656847, 0.00583522,
       0.00528071, 0.00486496, 0.00452797, 0.00425219, 0.00401543,
       0.00381272, 0.00363686, 0.00348706, 0.00336345, 0.00325966,
       0.00317463, 0.0031025 , 0.00304229, 0.00299301, 0.00295428,
       0.00292723, 0.00290699, 0.00289144, 0.00287981, 0.00287166,
       0.00286451, 0.00285844, 0.00285475, 0.00285221, 0.00285032,
       0.00284889, 0.00284789, 0.00284716, 0.00284653, 0.00284602,
       0.00284552, 0.00284516, 0.00284496, 0.00284482, 0.0028447 ,
       0.00284458, 0.00284449, 0.00284444, 0.00284441, 0.00284439,
       0.00284438, 0.00284437]), array([0.0146762 , 0.01120191, 0.01007079, 0.00938237, 0.00877713,
       0.00826019, 0.00780719, 0.00733708, 0.00673913, 0.00599829,
       0.00542302, 0.0050275 , 0.00471982, 0.0044536 , 0.00421984,
       0.00401128, 0.00383054, 0.0036646 , 0.0035218 , 0.00340416,
       0.0033062 , 0.00322644, 0.00316158, 0.00311062, 0.0030698 ,
       0.00303596, 0.00300988, 0.0029911 , 0.00297742, 0.00296737,
       0.00295933, 0.00295315, 0.00294859, 0.00294554, 0.00294348,
       0.00294207, 0.00294107, 0.00294015, 0.00293951, 0.00293904,
       0.00293861, 0.00293834, 0.00293814, 0.00293795, 0.00293783,
       0.00293776, 0.00293773, 0.00293771, 0.0029377 , 0.0029377 ]), array([0.0146298 , 0.01102208, 0.01000128, 0.0094227 , 0.00887544,
       0.00831235, 0.00783393, 0.00737679, 0.00681604, 0.00608879,
       0.00549906, 0.0050627 , 0.00471809, 0.00443168, 0.00417912,
       0.00396593, 0.00378913, 0.00363161, 0.00349719, 0.00338143,
       0.00328164, 0.00319808, 0.0031303 , 0.00307315, 0.00302728,
       0.0029901 , 0.00296165, 0.00294052, 0.002924  , 0.00291188,
       0.00290252, 0.00289566, 0.00288994, 0.00288568, 0.00288234,
       0.00287967, 0.00287754, 0.00287594, 0.00287451, 0.00287357,
       0.00287291, 0.00287242, 0.00287206, 0.00287171, 0.00287147,
       0.0028713 , 0.00287119, 0.00287106, 0.00287094, 0.00287086,
       0.0028708 , 0.00287077, 0.00287076, 0.00287075]), array([0.01469011, 0.0111756 , 0.01002472, 0.00927573, 0.00859052,
       0.00799303, 0.00742558, 0.00667011, 0.00591063, 0.00533643,
       0.00490429, 0.00457592, 0.00429893, 0.00407353, 0.00388819,
       0.00373077, 0.00359461, 0.00347663, 0.00336777, 0.00327394,
       0.00319534, 0.00312974, 0.00307771, 0.00303557, 0.00300302,
       0.00297797, 0.0029605 , 0.00294671, 0.00293566, 0.0029272 ,
       0.00292026, 0.00291475, 0.00291079, 0.00290816, 0.00290623,
       0.00290456, 0.00290304, 0.00290189, 0.00290115, 0.00290048,
       0.0029    , 0.0028995 , 0.00289907, 0.0028987 , 0.00289842,
       0.00289829, 0.00289822, 0.00289815, 0.00289809, 0.00289803,
       0.00289798, 0.00289792, 0.00289789, 0.00289787, 0.00289785,
       0.00289783, 0.00289781, 0.00289776, 0.00289774, 0.00289773,
       0.00289772]), array([0.014655  , 0.01117875, 0.01003136, 0.00929608, 0.00862063,
       0.0080303 , 0.00748775, 0.00684058, 0.0060629 , 0.005457  ,
       0.00501651, 0.00467729, 0.00440476, 0.00417495, 0.00397415,
       0.00380727, 0.00365988, 0.0035317 , 0.00342015, 0.00332933,
       0.00325675, 0.00319511, 0.00314231, 0.00309981, 0.00306489,
       0.0030368 , 0.00301423, 0.00299805, 0.00298607, 0.00297688,
       0.00296935, 0.00296446, 0.00296098, 0.00295777, 0.00295544,
       0.00295365, 0.00295216, 0.00295112, 0.00295033, 0.00294971,
       0.00294924, 0.00294894, 0.00294874, 0.0029486 , 0.00294846,
       0.00294839, 0.00294836, 0.00294833, 0.00294831, 0.00294829,
       0.00294825, 0.00294823, 0.00294821, 0.0029482 , 0.00294819]), array([0.01475022, 0.01116583, 0.0100734 , 0.00936343, 0.0086546 ,
       0.00804865, 0.00750481, 0.00685149, 0.00609937, 0.00548976,
       0.00500427, 0.00464794, 0.00436108, 0.00411363, 0.00391075,
       0.00373611, 0.00357472, 0.0034285 , 0.00330117, 0.00319439,
       0.00310457, 0.00303438, 0.00297943, 0.00293347, 0.00289876,
       0.00287327, 0.00285528, 0.00284216, 0.00283269, 0.00282559,
       0.00282037, 0.00281654, 0.00281382, 0.00281188, 0.00281046,
       0.0028095 , 0.0028087 , 0.00280812, 0.00280767, 0.00280731,
       0.00280704, 0.00280682, 0.00280668, 0.00280659, 0.00280648,
       0.00280639, 0.00280635, 0.00280632, 0.00280629, 0.00280628,
       0.00280627])]

Noise: 0.5
Total times: [21.54294514656067, 21.648831605911255, 21.51334857940674, 21.855802297592163, 21.626301288604736, 21.313235998153687, 21.28726029396057, 21.913402795791626, 21.46271848678589, 21.61037254333496, 21.534157752990723, 21.272812604904175, 21.73165488243103, 21.67555069923401, 21.35092568397522, 21.341975688934326, 21.82520318031311, 21.45360517501831, 21.51217532157898, 21.294182777404785, 21.591322660446167, 21.620355367660522, 21.449423789978027, 21.67209553718567, 21.61754870414734]
Total rms: [array([0.01488053, 0.01134195, 0.01013481, 0.00935356, 0.00867442,
       0.00809816, 0.00756473, 0.00695729, 0.00613899, 0.00548499,
       0.00503193, 0.00467559, 0.00438335, 0.00413356, 0.00392915,
       0.00375198, 0.00360144, 0.00347651, 0.0033757 , 0.00329021,
       0.00321613, 0.00315348, 0.00310098, 0.00306014, 0.00302889,
       0.00300513, 0.00298569, 0.0029723 , 0.00296267, 0.00295631,
       0.00295174, 0.00294799, 0.0029448 , 0.00294271, 0.00294126,
       0.00293995, 0.00293896, 0.00293827, 0.00293758, 0.00293701,
       0.00293661, 0.00293621, 0.00293596, 0.00293582, 0.00293573,
       0.00293568, 0.00293565, 0.00293563, 0.00293563]), array([0.01496121, 0.01141004, 0.01019909, 0.00942855, 0.00872681,
       0.00814407, 0.00764775, 0.00714896, 0.00652424, 0.00579766,
       0.00524923, 0.00484905, 0.00453796, 0.00426966, 0.00403631,
       0.00385037, 0.0036861 , 0.00354469, 0.00342325, 0.00332194,
       0.00323703, 0.00317006, 0.00311671, 0.00307623, 0.00304501,
       0.00302244, 0.00300397, 0.00298968, 0.00297777, 0.00296883,
       0.00296257, 0.00295795, 0.00295413, 0.00295087, 0.0029483 ,
       0.00294613, 0.00294477, 0.00294387, 0.00294314, 0.00294261,
       0.00294221, 0.00294193, 0.00294169, 0.00294153, 0.0029414 ,
       0.00294132, 0.00294127, 0.00294123, 0.00294119, 0.00294116,
       0.00294111, 0.00294107, 0.00294105, 0.00294104, 0.00294103]), array([0.01462562, 0.01108965, 0.01003951, 0.00939699, 0.00876753,
       0.00819327, 0.00768884, 0.00713623, 0.00638563, 0.00569788,
       0.0051898 , 0.00480994, 0.00450661, 0.00426306, 0.00404687,
       0.00385486, 0.00368695, 0.00354043, 0.00341828, 0.00331507,
       0.00322361, 0.00314787, 0.00308558, 0.00303433, 0.00299319,
       0.00296013, 0.00293613, 0.00291687, 0.00290264, 0.00289174,
       0.00288366, 0.00287735, 0.00287237, 0.00286858, 0.00286601,
       0.00286404, 0.00286249, 0.00286129, 0.00286029, 0.00285951,
       0.00285901, 0.0028586 , 0.00285823, 0.00285791, 0.00285771,
       0.00285752, 0.00285741, 0.00285734, 0.00285729, 0.00285726,
       0.00285722, 0.0028572 , 0.00285719]), array([0.01486367, 0.01132159, 0.01015654, 0.00940518, 0.00871809,
       0.0081603 , 0.0076659 , 0.00713578, 0.00644508, 0.00573873,
       0.00524393, 0.00485863, 0.00455009, 0.00429669, 0.00407618,
       0.00388888, 0.00372383, 0.00358135, 0.00346378, 0.00336383,
       0.00327389, 0.00319986, 0.0031414 , 0.00309403, 0.00305859,
       0.0030298 , 0.00300963, 0.0029945 , 0.00298306, 0.00297551,
       0.00297005, 0.00296602, 0.00296265, 0.00296015, 0.00295844,
       0.00295726, 0.00295633, 0.00295568, 0.00295522, 0.00295478,
       0.00295435, 0.00295404, 0.00295381, 0.00295363, 0.0029535 ,
       0.00295341, 0.00295333, 0.00295327, 0.00295322, 0.00295318,
       0.00295315, 0.00295312, 0.0029531 , 0.00295309, 0.00295308,
       0.00295306, 0.00295305, 0.00295304]), array([0.01489227, 0.01136819, 0.01017542, 0.00936673, 0.00864708,
       0.0080486 , 0.00749525, 0.00682594, 0.00604979, 0.00545162,
       0.00501068, 0.00466577, 0.00439104, 0.00414752, 0.00393978,
       0.00377218, 0.00362547, 0.00349879, 0.00339396, 0.00330653,
       0.00323244, 0.00317229, 0.00312266, 0.00308359, 0.00305417,
       0.00303162, 0.0030142 , 0.00300219, 0.00299349, 0.00298673,
       0.00298151, 0.00297743, 0.00297486, 0.00297252, 0.00297059,
       0.0029691 , 0.00296823, 0.00296781, 0.0029674 , 0.00296711,
       0.00296683, 0.00296659, 0.00296641, 0.00296628, 0.00296618,
       0.00296611, 0.00296604, 0.00296599, 0.00296596, 0.00296594,
       0.00296593, 0.00296592]), array([0.01474716, 0.01114084, 0.01001687, 0.0092747 , 0.00858171,
       0.00799473, 0.0074415 , 0.00679529, 0.00603745, 0.00543128,
       0.00498693, 0.00463267, 0.00434477, 0.00410393, 0.00389879,
       0.00372854, 0.00357865, 0.00344913, 0.00333812, 0.00324094,
       0.00316022, 0.00309442, 0.00304125, 0.00299763, 0.00296447,
       0.00293652, 0.00291495, 0.00289697, 0.00288481, 0.00287618,
       0.00287046, 0.00286644, 0.00286319, 0.00286081, 0.00285837,
       0.00285636, 0.00285497, 0.00285403, 0.00285331, 0.00285269,
       0.00285224, 0.0028519 , 0.0028517 , 0.0028516 , 0.00285152,
       0.00285145, 0.00285141, 0.00285137, 0.00285134, 0.00285132,
       0.00285131]), array([0.01480077, 0.0112441 , 0.01005832, 0.00928677, 0.00858797,
       0.00798362, 0.00740238, 0.00666824, 0.00595519, 0.00538132,
       0.0049478 , 0.00460273, 0.00432217, 0.00408362, 0.00388052,
       0.00370622, 0.00355814, 0.003432  , 0.00332756, 0.00323925,
       0.00316816, 0.00311158, 0.00306721, 0.00302961, 0.00300157,
       0.00298134, 0.00296595, 0.00295372, 0.00294509, 0.00293861,
       0.00293405, 0.00293033, 0.00292705, 0.002925  , 0.00292354,
       0.00292221, 0.00292125, 0.0029206 , 0.00292012, 0.00291981,
       0.00291962, 0.0029195 , 0.00291943, 0.00291938, 0.00291936,
       0.00291934, 0.00291933, 0.00291933]), array([0.01472014, 0.01115243, 0.01007057, 0.00942419, 0.00883632,
       0.00830883, 0.0078498 , 0.00739717, 0.00682851, 0.00603682,
       0.00541622, 0.00499377, 0.00466635, 0.00438773, 0.00415294,
       0.00395213, 0.00377525, 0.00361913, 0.00348364, 0.00336846,
       0.00327161, 0.00319082, 0.00312809, 0.00307537, 0.00303457,
       0.00300326, 0.00297893, 0.00296122, 0.00294822, 0.0029379 ,
       0.00293061, 0.00292545, 0.00292163, 0.00291849, 0.00291583,
       0.00291396, 0.00291276, 0.00291168, 0.00291098, 0.00291038,
       0.00290995, 0.00290961, 0.00290931, 0.00290912, 0.00290896,
       0.00290883, 0.00290874, 0.00290867, 0.00290862, 0.00290857,
       0.00290854, 0.0029085 , 0.00290845, 0.00290843, 0.00290841,
       0.0029084 , 0.00290839, 0.00290839]), array([0.01488217, 0.01130558, 0.0101677 , 0.00944081, 0.00874978,
       0.00817005, 0.00763462, 0.00702537, 0.00626815, 0.005623  ,
       0.0051466 , 0.00478746, 0.0044854 , 0.00422295, 0.00400661,
       0.00382676, 0.00366543, 0.00352584, 0.00340834, 0.00331299,
       0.00323515, 0.00317273, 0.00312197, 0.00308228, 0.00305089,
       0.00302688, 0.00300892, 0.00299525, 0.00298478, 0.00297772,
       0.00297175, 0.0029672 , 0.00296367, 0.00296118, 0.00295936,
       0.0029579 , 0.00295679, 0.0029559 , 0.0029552 , 0.00295458,
       0.00295419, 0.00295386, 0.00295366, 0.00295355, 0.00295348,
       0.00295343, 0.0029534 , 0.00295338, 0.00295334, 0.00295332,
       0.0029533 , 0.00295329]), array([0.01492107, 0.01136821, 0.01019485, 0.00941389, 0.00867588,
       0.00805936, 0.00744243, 0.00662269, 0.00585735, 0.00530489,
       0.00488519, 0.00454303, 0.00426238, 0.00402405, 0.00382854,
       0.00366315, 0.00352081, 0.0033975 , 0.00329193, 0.00319975,
       0.00312359, 0.0030631 , 0.00301488, 0.00297365, 0.00294361,
       0.00292135, 0.0029044 , 0.00289326, 0.00288502, 0.00287901,
       0.00287468, 0.00287157, 0.00286882, 0.00286674, 0.00286533,
       0.00286427, 0.00286321, 0.0028622 , 0.00286145, 0.00286084,
       0.00286033, 0.00285997, 0.00285973, 0.00285957, 0.00285946,
       0.00285941, 0.0028594 , 0.00285938, 0.00285937, 0.00285935,
       0.00285932, 0.00285931, 0.00285931]), array([0.01480825, 0.01131305, 0.01012097, 0.00940243, 0.00875821,
       0.00820476, 0.00774049, 0.00732195, 0.00686766, 0.00619965,
       0.00547937, 0.00498372, 0.00460364, 0.00429609, 0.00403497,
       0.00382008, 0.00363373, 0.00348235, 0.00335168, 0.00323639,
       0.00314289, 0.00306611, 0.00300393, 0.00295321, 0.00291017,
       0.00287713, 0.0028544 , 0.00283677, 0.00282279, 0.00281162,
       0.00280402, 0.00279955, 0.00279628, 0.00279371, 0.00279189,
       0.00279046, 0.00278912, 0.00278822, 0.00278756, 0.0027871 ,
       0.00278677, 0.00278653, 0.00278633, 0.00278617, 0.00278605,
       0.00278597, 0.00278593, 0.00278591, 0.0027859 , 0.00278587,
       0.00278583, 0.00278581, 0.00278579, 0.00278578]), array([0.01468326, 0.01120248, 0.01012581, 0.00943064, 0.00874561,
       0.00812159, 0.007514  , 0.00677136, 0.0060165 , 0.00542896,
       0.00499227, 0.00466477, 0.00440145, 0.00416924, 0.0039794 ,
       0.00381196, 0.00366225, 0.003527  , 0.00341031, 0.00331067,
       0.00322788, 0.00315724, 0.00309747, 0.00304999, 0.00300984,
       0.00298007, 0.0029589 , 0.00294393, 0.0029316 , 0.00292304,
       0.00291681, 0.00291228, 0.00290915, 0.00290696, 0.00290487,
       0.00290321, 0.00290192, 0.00290107, 0.00290049, 0.0029001 ,
       0.00289984, 0.00289969, 0.0028996 , 0.00289953, 0.00289949,
       0.00289946, 0.00289943, 0.00289942, 0.00289941]), array([0.01478588, 0.01128661, 0.01016239, 0.00949877, 0.00888062,
       0.00832573, 0.00785114, 0.00738509, 0.00685945, 0.00615532,
       0.0055209 , 0.00507818, 0.00472276, 0.00443379, 0.00419544,
       0.00398825, 0.00381179, 0.00365739, 0.00352364, 0.00340964,
       0.00331308, 0.00323525, 0.00316795, 0.00311389, 0.00307095,
       0.00303941, 0.00301491, 0.00299683, 0.00298355, 0.00297245,
       0.00296465, 0.00295875, 0.00295417, 0.00295039, 0.00294757,
       0.00294522, 0.00294364, 0.00294267, 0.00294193, 0.00294128,
       0.00294078, 0.00294038, 0.00294008, 0.00293988, 0.0029397 ,
       0.00293951, 0.00293935, 0.00293922, 0.00293903, 0.00293886,
       0.00293876, 0.0029387 , 0.00293868, 0.00293867, 0.00293867]), array([0.01491642, 0.01135512, 0.01022519, 0.00950385, 0.00883418,
       0.00825617, 0.00773678, 0.00714153, 0.00633486, 0.00562742,
       0.00514317, 0.00476482, 0.00446016, 0.00419888, 0.00398316,
       0.00379689, 0.00363011, 0.00349099, 0.00337315, 0.00327839,
       0.00320089, 0.00313788, 0.00308893, 0.00305055, 0.00302264,
       0.00300111, 0.00298494, 0.00297204, 0.00296177, 0.00295444,
       0.00294908, 0.00294528, 0.00294225, 0.00294011, 0.00293872,
       0.0029377 , 0.00293698, 0.00293636, 0.00293591, 0.00293557,
       0.00293523, 0.00293491, 0.00293474, 0.00293455, 0.0029344 ,
       0.00293427, 0.0029342 , 0.00293415, 0.0029341 , 0.00293405,
       0.00293404, 0.00293403]), array([0.01494784, 0.01142051, 0.01025062, 0.00946499, 0.00873782,
       0.00812796, 0.0075544 , 0.00685287, 0.00600119, 0.00537018,
       0.00492722, 0.00458309, 0.00429347, 0.00404457, 0.00383802,
       0.00366175, 0.00350715, 0.00337312, 0.0032599 , 0.00316707,
       0.00309233, 0.00303232, 0.00298539, 0.00294962, 0.00291925,
       0.00289627, 0.00288009, 0.00286781, 0.00285753, 0.00285001,
       0.00284522, 0.00284153, 0.0028388 , 0.00283682, 0.00283519,
       0.00283417, 0.0028333 , 0.00283249, 0.00283191, 0.00283141,
       0.00283108, 0.00283086, 0.00283065, 0.00283052, 0.00283042,
       0.00283037, 0.00283033, 0.0028303 , 0.00283029, 0.00283028,
       0.00283027]), array([0.0146857 , 0.01108138, 0.01000757, 0.0093907 , 0.00877426,
       0.0081833 , 0.00766267, 0.0071194 , 0.00643713, 0.00576237,
       0.00523927, 0.00484078, 0.00453254, 0.0042739 , 0.00404144,
       0.00384795, 0.0036791 , 0.00353493, 0.00341717, 0.00332049,
       0.00323721, 0.00316732, 0.00310716, 0.00305431, 0.00301455,
       0.00298275, 0.0029583 , 0.00294017, 0.00292609, 0.00291461,
       0.00290623, 0.00290064, 0.00289626, 0.00289301, 0.00288967,
       0.00288726, 0.00288548, 0.00288409, 0.00288305, 0.00288234,
       0.00288181, 0.00288143, 0.00288112, 0.0028809 , 0.00288077,
       0.0028807 , 0.00288064, 0.0028806 , 0.00288057, 0.00288055,
       0.00288055]), array([0.01477688, 0.01119131, 0.01007311, 0.00940387, 0.00878182,
       0.00823322, 0.00774437, 0.00724151, 0.00663148, 0.00592188,
       0.00537626, 0.00493723, 0.00460071, 0.0043267 , 0.0041009 ,
       0.00391617, 0.00375439, 0.0036075 , 0.00348231, 0.00337468,
       0.00328371, 0.0032098 , 0.00315085, 0.00309969, 0.00306182,
       0.00303243, 0.00300917, 0.00299179, 0.00297927, 0.00297002,
       0.00296366, 0.00295831, 0.00295485, 0.00295248, 0.00295081,
       0.00294949, 0.00294848, 0.00294757, 0.0029468 , 0.00294614,
       0.00294558, 0.0029451 , 0.00294476, 0.00294455, 0.00294435,
       0.00294411, 0.00294398, 0.00294389, 0.00294383, 0.00294377,
       0.00294369, 0.00294364, 0.00294361, 0.00294358, 0.00294356,
       0.00294355, 0.00294354]), array([0.0147487 , 0.01118312, 0.01005206, 0.00939161, 0.0087812 ,
       0.00822136, 0.00775067, 0.00730041, 0.00677656, 0.00607196,
       0.00546492, 0.00504255, 0.00470169, 0.00441466, 0.00415923,
       0.00394779, 0.00376237, 0.00359319, 0.00345218, 0.00333457,
       0.00323544, 0.00315179, 0.00308381, 0.00302865, 0.00298917,
       0.002959  , 0.00293615, 0.0029185 , 0.00290513, 0.00289455,
       0.00288634, 0.00288074, 0.0028767 , 0.00287322, 0.00287056,
       0.00286848, 0.00286689, 0.00286568, 0.0028645 , 0.00286372,
       0.00286307, 0.00286264, 0.00286228, 0.00286204, 0.00286187,
       0.00286173, 0.00286164, 0.00286158, 0.00286156, 0.00286153,
       0.00286152, 0.00286151, 0.0028615 ]), array([0.01477929, 0.01119886, 0.01008363, 0.00942952, 0.00880547,
       0.00821477, 0.00772206, 0.00723328, 0.00668073, 0.00596753,
       0.00538692, 0.00494673, 0.00459913, 0.00431741, 0.00407225,
       0.00386774, 0.00369352, 0.00353757, 0.00340065, 0.00328586,
       0.00318859, 0.00310928, 0.00304715, 0.00299521, 0.00295312,
       0.00292014, 0.00289609, 0.00287843, 0.00286466, 0.00285384,
       0.00284647, 0.00284075, 0.00283635, 0.00283286, 0.00283032,
       0.00282796, 0.00282601, 0.0028247 , 0.00282375, 0.00282307,
       0.00282262, 0.00282235, 0.00282218, 0.00282205, 0.00282191,
       0.00282183, 0.00282175, 0.00282169, 0.00282163, 0.0028216 ,
       0.00282157, 0.00282155, 0.00282155]), array([0.01505927, 0.01154602, 0.01025133, 0.00939017, 0.00865039,
       0.00805042, 0.00753536, 0.00704012, 0.00637996, 0.00569085,
       0.00516543, 0.00477234, 0.00445787, 0.00420332, 0.00398165,
       0.00379116, 0.00362225, 0.00348143, 0.00336333, 0.00326672,
       0.00318665, 0.00311761, 0.0030628 , 0.0030204 , 0.00298793,
       0.00296427, 0.00294603, 0.00293363, 0.0029233 , 0.00291589,
       0.00291014, 0.00290549, 0.00290224, 0.00289946, 0.00289722,
       0.00289581, 0.00289477, 0.00289397, 0.00289344, 0.00289308,
       0.00289277, 0.00289254, 0.00289235, 0.00289227, 0.00289222,
       0.00289219, 0.00289217, 0.00289215, 0.00289212, 0.00289211,
       0.0028921 , 0.00289209]), array([0.01482838, 0.01122557, 0.01011031, 0.00944182, 0.00881645,
       0.0082516 , 0.0077669 , 0.00728216, 0.00669087, 0.00596693,
       0.00540291, 0.00497966, 0.00464903, 0.00437163, 0.0041332 ,
       0.003932  , 0.00375569, 0.00360282, 0.00347214, 0.00336208,
       0.00327276, 0.003197  , 0.00313605, 0.00308866, 0.00305128,
       0.00302257, 0.00300157, 0.0029854 , 0.00297353, 0.00296475,
       0.00295825, 0.00295329, 0.00294942, 0.00294661, 0.00294423,
       0.00294242, 0.0029411 , 0.0029401 , 0.00293926, 0.00293856,
       0.00293805, 0.00293771, 0.0029375 , 0.00293734, 0.00293723,
       0.00293715, 0.00293707, 0.00293702, 0.00293698, 0.00293694,
       0.0029369 , 0.00293686, 0.00293684, 0.00293683, 0.00293682]), array([0.01476765, 0.0112052 , 0.01008797, 0.00941812, 0.00875505,
       0.00817911, 0.00767535, 0.00711845, 0.00637482, 0.00568716,
       0.00520095, 0.00483284, 0.00452325, 0.00426569, 0.00404389,
       0.00385752, 0.00369916, 0.0035545 , 0.00343756, 0.00333811,
       0.00325634, 0.00318847, 0.00313444, 0.00309121, 0.00305479,
       0.00302727, 0.00300662, 0.00299165, 0.00297946, 0.00297009,
       0.00296263, 0.00295697, 0.00295279, 0.00294955, 0.00294704,
       0.00294488, 0.00294344, 0.0029423 , 0.00294144, 0.00294077,
       0.00294029, 0.00293983, 0.00293942, 0.00293915, 0.00293901,
       0.00293892, 0.00293885, 0.0029388 , 0.00293877, 0.00293874,
       0.00293871, 0.00293869, 0.00293869]), array([0.01470993, 0.01115021, 0.0100012 , 0.00927246, 0.00858232,
       0.00797914, 0.00740385, 0.00674181, 0.00601917, 0.00542756,
       0.00497166, 0.00461825, 0.00433605, 0.00409764, 0.00389321,
       0.00372017, 0.00357223, 0.00344469, 0.00333145, 0.00323531,
       0.0031516 , 0.00307994, 0.00302162, 0.00297013, 0.00292441,
       0.0028901 , 0.00286416, 0.00284472, 0.00283072, 0.00282047,
       0.0028125 , 0.00280712, 0.00280372, 0.00280153, 0.00279987,
       0.00279864, 0.00279767, 0.00279677, 0.00279604, 0.00279539,
       0.00279498, 0.0027946 , 0.00279422, 0.00279391, 0.00279372,
       0.00279363, 0.00279358, 0.00279353, 0.00279349, 0.00279346,
       0.00279345, 0.00279344]), array([0.01498303, 0.01151913, 0.01029313, 0.00947732, 0.00875988,
       0.00814291, 0.00754686, 0.0067899 , 0.00594697, 0.00537793,
       0.00493972, 0.00460018, 0.00430895, 0.00407349, 0.00388063,
       0.00371118, 0.00356075, 0.00342923, 0.0033141 , 0.00321885,
       0.00314213, 0.00307847, 0.00302988, 0.00299303, 0.00296417,
       0.00294289, 0.00292861, 0.00291802, 0.00291043, 0.00290482,
       0.00290105, 0.00289804, 0.00289556, 0.00289356, 0.00289206,
       0.00289114, 0.00289055, 0.00289006, 0.00288951, 0.00288909,
       0.00288876, 0.00288852, 0.00288828, 0.00288802, 0.00288781,
       0.00288765, 0.00288753, 0.00288738, 0.0028873 , 0.00288725,
       0.00288721, 0.00288718, 0.00288716, 0.00288715]), array([0.01480901, 0.01130338, 0.01009447, 0.00932759, 0.00867447,
       0.00812322, 0.00757733, 0.00690942, 0.00615807, 0.00554123,
       0.00506661, 0.00469996, 0.00440385, 0.00415839, 0.00395302,
       0.00378155, 0.00363287, 0.00349811, 0.00338051, 0.00328705,
       0.00321255, 0.00315097, 0.00310175, 0.0030645 , 0.00303589,
       0.00301515, 0.00300055, 0.00298969, 0.00298144, 0.00297521,
       0.00297064, 0.00296705, 0.00296447, 0.00296239, 0.00296086,
       0.0029596 , 0.00295861, 0.00295783, 0.00295723, 0.0029569 ,
       0.00295666, 0.00295646, 0.00295632, 0.0029562 , 0.00295607,
       0.00295594, 0.00295585, 0.00295577, 0.00295572, 0.0029557 ,
       0.00295568, 0.00295565, 0.00295563, 0.00295562])]

Noise: 0.75
Total times: [21.868902444839478, 21.559325218200684, 21.52820372581482, 21.300812244415283, 21.3137686252594, 21.800796270370483, 21.56774640083313, 21.717383861541748, 21.34021234512329, 21.330472946166992, 21.671071529388428, 21.464293241500854, 21.9354727268219, 21.422143936157227, 21.53098225593567, 21.31889319419861, 21.60490322113037, 21.49873661994934, 21.43989133834839, 21.822155475616455, 21.484386205673218, 21.770946979522705, 21.730414628982544, 21.424916982650757, 22.19840145111084]
Total rms: [array([0.01464119, 0.01108924, 0.01001687, 0.00936014, 0.00874945,
       0.00820204, 0.00772348, 0.00722305, 0.00662318, 0.0058942 ,
       0.00530485, 0.00490406, 0.00459462, 0.00434011, 0.00412051,
       0.00392377, 0.00375866, 0.00361122, 0.00348318, 0.00337511,
       0.00328613, 0.00321224, 0.0031497 , 0.00309494, 0.00304882,
       0.00301307, 0.00298654, 0.00296628, 0.00294972, 0.00293721,
       0.0029277 , 0.0029196 , 0.00291445, 0.00291065, 0.00290753,
       0.00290489, 0.00290308, 0.00290169, 0.00290075, 0.00289999,
       0.00289937, 0.00289886, 0.00289854, 0.00289834, 0.00289815,
       0.00289806, 0.00289802, 0.00289798, 0.00289796, 0.00289795,
       0.00289792, 0.0028979 , 0.00289789, 0.00289787, 0.00289785,
       0.00289783, 0.00289781, 0.00289778, 0.00289775, 0.00289774,
       0.00289773]), array([0.01477683, 0.01127291, 0.01008073, 0.00935414, 0.00869851,
       0.00812773, 0.00763475, 0.00707157, 0.00637011, 0.00572923,
       0.00521283, 0.00481849, 0.00450581, 0.00423974, 0.00401455,
       0.00382294, 0.00364965, 0.00349909, 0.00337327, 0.00327276,
       0.00319096, 0.00312327, 0.00306961, 0.00302704, 0.00299322,
       0.00296815, 0.00294904, 0.00293413, 0.00292326, 0.00291524,
       0.00290952, 0.00290478, 0.00290152, 0.00289884, 0.00289676,
       0.00289519, 0.00289388, 0.00289272, 0.00289185, 0.00289119,
       0.00289073, 0.00289041, 0.00289014, 0.00288997, 0.00288983,
       0.00288972, 0.00288964, 0.00288957, 0.00288953, 0.00288948,
       0.00288944, 0.00288941, 0.00288939, 0.00288938, 0.00288938]), array([0.01475303, 0.01120503, 0.01009698, 0.00934943, 0.00867679,
       0.00809807, 0.00758342, 0.00700998, 0.00624156, 0.00557681,
       0.00509455, 0.00474396, 0.0044608 , 0.00420749, 0.00398296,
       0.00380207, 0.00365033, 0.00351395, 0.00339452, 0.00329469,
       0.00321381, 0.00314328, 0.00308449, 0.0030365 , 0.00300109,
       0.00297276, 0.00295178, 0.00293692, 0.00292614, 0.00291783,
       0.00291171, 0.00290788, 0.00290525, 0.00290314, 0.00290165,
       0.00290046, 0.00289971, 0.002899  , 0.00289841, 0.00289769,
       0.0028971 , 0.00289658, 0.00289613, 0.00289576, 0.00289552,
       0.00289533, 0.00289518, 0.00289507, 0.00289498, 0.00289493,
       0.00289491, 0.0028949 , 0.00289489, 0.00289488]), array([0.01481056, 0.01132688, 0.01012733, 0.00933018, 0.00861613,
       0.00801683, 0.0074468 , 0.00672309, 0.0059634 , 0.0054082 ,
       0.00497608, 0.00463125, 0.00435287, 0.00412046, 0.00392511,
       0.00375722, 0.00361293, 0.003489  , 0.00338252, 0.00329208,
       0.00321799, 0.00315558, 0.00310467, 0.00306478, 0.00303428,
       0.00301145, 0.00299508, 0.00298137, 0.00297027, 0.00296171,
       0.00295578, 0.00295176, 0.00294896, 0.00294654, 0.0029448 ,
       0.00294357, 0.00294254, 0.00294166, 0.00294085, 0.0029402 ,
       0.00293975, 0.00293954, 0.0029394 , 0.00293931, 0.00293925,
       0.00293921, 0.00293919, 0.00293917, 0.00293916, 0.00293915]), array([0.01454519, 0.01107796, 0.01000501, 0.00931485, 0.00866818,
       0.0080943 , 0.00757656, 0.0069588 , 0.0062166 , 0.00557459,
       0.00508518, 0.00472372, 0.00442975, 0.00418204, 0.00397228,
       0.00379795, 0.00363697, 0.00350011, 0.0033899 , 0.00329566,
       0.00321184, 0.00314205, 0.00308544, 0.00304069, 0.00300537,
       0.00297809, 0.00295679, 0.00293891, 0.00292528, 0.00291539,
       0.00290786, 0.00290153, 0.00289682, 0.00289364, 0.00289129,
       0.00288963, 0.00288849, 0.00288768, 0.00288711, 0.00288669,
       0.00288637, 0.0028861 , 0.00288583, 0.00288559, 0.00288544,
       0.00288534, 0.00288526, 0.00288521, 0.00288518, 0.00288518]), array([0.01483765, 0.01127543, 0.01007628, 0.00936886, 0.00873734,
       0.00819216, 0.00774914, 0.00733463, 0.00687705, 0.00633933,
       0.00575424, 0.00527278, 0.00488613, 0.00456823, 0.00430812,
       0.00408521, 0.00389681, 0.00372827, 0.00358332, 0.00346589,
       0.00336504, 0.00328258, 0.00321618, 0.00316283, 0.00311815,
       0.00308387, 0.00305772, 0.00303718, 0.0030225 , 0.00301052,
       0.00300154, 0.00299516, 0.00299018, 0.0029866 , 0.00298385,
       0.00298163, 0.00298013, 0.00297897, 0.00297807, 0.00297736,
       0.00297676, 0.00297635, 0.002976  , 0.00297572, 0.00297545,
       0.0029753 , 0.00297516, 0.00297506, 0.00297501, 0.00297497,
       0.00297492, 0.00297489, 0.00297486, 0.00297485, 0.00297485]), array([0.01471951, 0.01110361, 0.00997348, 0.00932364, 0.00873968,
       0.00819687, 0.00774702, 0.00733449, 0.00689847, 0.00639806,
       0.00576963, 0.00524751, 0.00487097, 0.00455977, 0.00429563,
       0.00406394, 0.00387172, 0.00370718, 0.00356206, 0.00343981,
       0.00333616, 0.00324835, 0.00317721, 0.00311541, 0.00306679,
       0.0030269 , 0.00299486, 0.00296937, 0.00295109, 0.00293768,
       0.00292698, 0.00291954, 0.00291478, 0.00291073, 0.00290753,
       0.0029046 , 0.00290256, 0.00290102, 0.00289987, 0.0028989 ,
       0.00289812, 0.0028975 , 0.0028971 , 0.00289674, 0.00289644,
       0.00289587, 0.00289565, 0.00289549, 0.00289541, 0.00289536,
       0.00289533, 0.00289531, 0.00289529, 0.00289528, 0.00289527]), array([0.01490801, 0.01135389, 0.01021084, 0.00944219, 0.00872742,
       0.00813209, 0.00756388, 0.00686558, 0.00605259, 0.00543458,
       0.00498967, 0.00464082, 0.00435362, 0.00410956, 0.00391396,
       0.00374869, 0.00360932, 0.00348641, 0.00337701, 0.0032865 ,
       0.00320911, 0.00314662, 0.00309857, 0.00306169, 0.00303492,
       0.00301434, 0.00299953, 0.00298898, 0.0029808 , 0.00297481,
       0.0029707 , 0.00296725, 0.00296457, 0.00296261, 0.00296117,
       0.00296002, 0.0029591 , 0.00295845, 0.00295795, 0.00295763,
       0.0029573 , 0.00295701, 0.00295682, 0.00295661, 0.00295638,
       0.00295621, 0.00295613, 0.00295608, 0.00295605, 0.00295604,
       0.00295602, 0.002956  , 0.00295599, 0.00295597, 0.00295596,
       0.00295595]), array([0.01475852, 0.0111902 , 0.01001176, 0.00926302, 0.00858891,
       0.00800979, 0.00748864, 0.00694677, 0.00624495, 0.00562699,
       0.00514062, 0.00477776, 0.004497  , 0.00425187, 0.00403652,
       0.00385534, 0.00369375, 0.0035532 , 0.0034355 , 0.00333879,
       0.00325844, 0.00319221, 0.0031406 , 0.00310076, 0.0030699 ,
       0.00304631, 0.00302812, 0.00301439, 0.0030045 , 0.00299725,
       0.00299152, 0.00298698, 0.00298398, 0.00298169, 0.00298001,
       0.00297879, 0.00297779, 0.002977  , 0.00297643, 0.00297598,
       0.00297565, 0.00297537, 0.00297519, 0.00297506, 0.00297498,
       0.00297492, 0.00297488, 0.00297485, 0.00297484, 0.00297483]), array([0.01467733, 0.01118423, 0.01003354, 0.0093419 , 0.00869863,
       0.00814936, 0.00765451, 0.00712963, 0.00647566, 0.00578712,
       0.00524829, 0.00483687, 0.00451336, 0.00423863, 0.00400668,
       0.00380551, 0.00363015, 0.00347886, 0.00334794, 0.00324108,
       0.00314773, 0.00306932, 0.00300378, 0.00295128, 0.002911  ,
       0.00288004, 0.00285843, 0.00284345, 0.00283265, 0.0028245 ,
       0.00281785, 0.00281201, 0.00280768, 0.00280452, 0.00280244,
       0.00280092, 0.00279985, 0.00279892, 0.00279833, 0.00279787,
       0.00279759, 0.00279741, 0.00279729, 0.00279721, 0.00279715,
       0.00279711, 0.00279708, 0.00279706, 0.00279704, 0.00279703,
       0.00279702]), array([0.01468953, 0.0111347 , 0.01004407, 0.00941396, 0.00881436,
       0.00824684, 0.00776606, 0.00729869, 0.00675668, 0.00605476,
       0.00552037, 0.0051282 , 0.00480725, 0.00453731, 0.00430509,
       0.00409562, 0.00391257, 0.00375112, 0.00361067, 0.00349085,
       0.00338891, 0.00330386, 0.00323038, 0.00317213, 0.00312477,
       0.00308956, 0.00306263, 0.00304094, 0.00302441, 0.00301205,
       0.00300209, 0.00299547, 0.00299109, 0.0029881 , 0.0029858 ,
       0.00298408, 0.0029826 , 0.00298158, 0.00298062, 0.00297994,
       0.0029793 , 0.00297883, 0.00297849, 0.00297826, 0.00297811,
       0.00297801, 0.00297795, 0.00297789, 0.00297783, 0.0029778 ,
       0.00297778, 0.00297777, 0.00297775, 0.00297774]), array([0.01490708, 0.01132607, 0.01010882, 0.00931174, 0.00862218,
       0.00807304, 0.00757128, 0.00699116, 0.00623162, 0.0055808 ,
       0.00510201, 0.00472653, 0.00443709, 0.00418552, 0.00397378,
       0.00379498, 0.0036416 , 0.00350821, 0.003395  , 0.00329944,
       0.00321767, 0.00315042, 0.00309683, 0.00305341, 0.00301776,
       0.00299082, 0.00297189, 0.00295776, 0.00294726, 0.00293958,
       0.00293361, 0.00292928, 0.0029261 , 0.00292324, 0.00292061,
       0.00291875, 0.00291706, 0.00291555, 0.00291461, 0.002914  ,
       0.00291362, 0.00291331, 0.00291303, 0.00291281, 0.00291259,
       0.00291249, 0.00291245, 0.00291241, 0.00291238, 0.00291235,
       0.00291234, 0.00291234]), array([0.01475046, 0.0111352 , 0.01000451, 0.00933866, 0.00872672,
       0.00818162, 0.00772855, 0.00729156, 0.00678831, 0.0060782 ,
       0.00547208, 0.00503401, 0.00469294, 0.00441865, 0.00418492,
       0.00398259, 0.00380733, 0.00365227, 0.0035225 , 0.00341159,
       0.00332157, 0.00324541, 0.0031789 , 0.00312536, 0.00308283,
       0.00304998, 0.00302361, 0.00300524, 0.00299107, 0.00297894,
       0.00297097, 0.00296477, 0.00296003, 0.00295651, 0.00295361,
       0.00295137, 0.00294988, 0.0029487 , 0.0029479 , 0.00294721,
       0.0029468 , 0.00294655, 0.00294629, 0.00294598, 0.00294571,
       0.00294549, 0.00294531, 0.00294518, 0.00294506, 0.00294494,
       0.00294485, 0.00294479, 0.00294475, 0.0029447 , 0.00294466,
       0.00294463, 0.0029446 , 0.00294459, 0.00294458]), array([0.01484479, 0.01125369, 0.01008524, 0.00934681, 0.00868105,
       0.00813133, 0.00764091, 0.00710787, 0.00647029, 0.00573358,
       0.0052001 , 0.00482768, 0.00453005, 0.00427195, 0.00404897,
       0.00386136, 0.00369658, 0.00355637, 0.0034431 , 0.00334529,
       0.0032642 , 0.00319472, 0.00313678, 0.00309144, 0.00305562,
       0.00302943, 0.00301081, 0.00299674, 0.00298613, 0.00297813,
       0.00297222, 0.0029672 , 0.0029635 , 0.00296103, 0.00295903,
       0.00295715, 0.00295579, 0.00295492, 0.00295406, 0.00295358,
       0.00295323, 0.00295291, 0.00295277, 0.0029527 , 0.00295264,
       0.0029526 , 0.00295257, 0.00295255, 0.00295252, 0.0029525 ,
       0.00295249]), array([0.01463075, 0.01112516, 0.01003163, 0.00934742, 0.00870329,
       0.00813285, 0.00762541, 0.0070579 , 0.0062711 , 0.00560914,
       0.00513178, 0.0047694 , 0.00448226, 0.00423814, 0.00402288,
       0.00384014, 0.00367512, 0.0035345 , 0.00341123, 0.0033074 ,
       0.00321676, 0.00314485, 0.00308589, 0.00303635, 0.00299809,
       0.00296903, 0.00294806, 0.00293269, 0.00292241, 0.00291465,
       0.00290865, 0.00290408, 0.00290033, 0.00289679, 0.00289412,
       0.0028921 , 0.00289065, 0.00288962, 0.00288887, 0.00288835,
       0.00288789, 0.00288756, 0.00288727, 0.00288709, 0.00288696,
       0.00288679, 0.00288661, 0.00288652, 0.00288648, 0.00288645,
       0.00288642, 0.00288641]), array([0.01483041, 0.0113064 , 0.01014692, 0.00942651, 0.00875919,
       0.00818222, 0.00765449, 0.00704881, 0.00626159, 0.00564253,
       0.0051846 , 0.0048343 , 0.00455426, 0.00431074, 0.00410079,
       0.00391398, 0.00374982, 0.00360994, 0.00349166, 0.00339233,
       0.00331133, 0.00324501, 0.00319241, 0.00315161, 0.00311932,
       0.00309744, 0.00307964, 0.00306689, 0.00305813, 0.00305126,
       0.00304629, 0.0030425 , 0.00303935, 0.00303667, 0.00303467,
       0.0030331 , 0.00303196, 0.00303124, 0.00303075, 0.00303038,
       0.00303011, 0.00302991, 0.00302977, 0.00302962, 0.0030295 ,
       0.00302943, 0.00302939, 0.00302937, 0.00302935, 0.00302934,
       0.00302933]), array([0.01484387, 0.01131465, 0.01016063, 0.00942768, 0.00872022,
       0.00810484, 0.00748239, 0.0066676 , 0.00588231, 0.0053007 ,
       0.0048807 , 0.00455113, 0.00427764, 0.00405113, 0.00386579,
       0.00370471, 0.0035604 , 0.00343182, 0.00332873, 0.0032422 ,
       0.00317205, 0.00311585, 0.0030718 , 0.00303517, 0.00300625,
       0.00298452, 0.00296671, 0.00295193, 0.00294222, 0.00293437,
       0.00292906, 0.00292494, 0.00292142, 0.00291847, 0.00291619,
       0.00291423, 0.00291304, 0.00291236, 0.00291191, 0.00291161,
       0.00291135, 0.00291115, 0.00291101, 0.0029109 , 0.00291082,
       0.00291074, 0.00291066, 0.00291058, 0.00291052, 0.00291046,
       0.00291042, 0.00291039, 0.00291038, 0.00291037]), array([0.0147866 , 0.01127076, 0.01010644, 0.00934579, 0.00866112,
       0.00807871, 0.00750796, 0.0068093 , 0.00601914, 0.00541535,
       0.00498037, 0.00462895, 0.00433585, 0.00408718, 0.00387806,
       0.00370117, 0.00354846, 0.00341396, 0.00330241, 0.00321013,
       0.0031322 , 0.00307095, 0.00302335, 0.00298257, 0.00295043,
       0.00292602, 0.00290783, 0.00289424, 0.00288479, 0.00287775,
       0.00287208, 0.00286792, 0.00286476, 0.00286223, 0.00286032,
       0.00285909, 0.0028581 , 0.00285727, 0.00285663, 0.00285613,
       0.0028557 , 0.00285544, 0.00285528, 0.00285518, 0.00285509,
       0.00285501, 0.00285492, 0.00285487, 0.00285485, 0.00285484,
       0.00285483, 0.00285482]), array([0.01482249, 0.01127195, 0.01006862, 0.00928594, 0.00859283,
       0.00797524, 0.00736629, 0.00659095, 0.00583622, 0.00528286,
       0.00486031, 0.00451399, 0.00421778, 0.00397864, 0.0037761 ,
       0.00360684, 0.00346088, 0.00333715, 0.003229  , 0.00313562,
       0.00305517, 0.0029923 , 0.00293921, 0.00289727, 0.00286707,
       0.00284554, 0.00282996, 0.0028185 , 0.00281073, 0.00280501,
       0.00280015, 0.00279667, 0.00279368, 0.0027914 , 0.0027899 ,
       0.0027888 , 0.00278792, 0.00278737, 0.00278703, 0.00278677,
       0.00278651, 0.0027863 , 0.00278619, 0.00278611, 0.00278607,
       0.00278603, 0.00278598, 0.00278595, 0.00278592, 0.00278591]), array([0.01476619, 0.01123635, 0.01009203, 0.00943922, 0.0088696 ,
       0.00833776, 0.00789481, 0.00752442, 0.00714071, 0.00667134,
       0.00599722, 0.00546728, 0.00507306, 0.00473783, 0.00446854,
       0.00424186, 0.00404215, 0.00386432, 0.00371231, 0.0035757 ,
       0.0034643 , 0.00337282, 0.00329787, 0.00323752, 0.00318865,
       0.00315029, 0.00311721, 0.00309221, 0.0030747 , 0.00306049,
       0.00305003, 0.00304225, 0.00303615, 0.00303124, 0.00302798,
       0.00302518, 0.0030228 , 0.00302109, 0.00302   , 0.00301894,
       0.00301806, 0.00301741, 0.00301691, 0.0030165 , 0.00301624,
       0.00301606, 0.00301596, 0.00301586, 0.00301579, 0.00301576,
       0.00301573, 0.00301568, 0.00301565, 0.00301563, 0.00301561,
       0.0030156 ]), array([0.01490302, 0.01131969, 0.01011899, 0.00936019, 0.0086817 ,
       0.00809013, 0.00752652, 0.00686413, 0.00608382, 0.00550947,
       0.00509329, 0.00476489, 0.00450083, 0.00426412, 0.00406123,
       0.00388751, 0.00373639, 0.00360665, 0.00349961, 0.00340994,
       0.00333548, 0.00327235, 0.00322436, 0.00318848, 0.00316067,
       0.00314022, 0.00312447, 0.00311148, 0.0031023 , 0.00309571,
       0.00309132, 0.00308772, 0.00308507, 0.00308336, 0.00308195,
       0.00308067, 0.00307969, 0.00307896, 0.00307854, 0.00307823,
       0.00307791, 0.00307766, 0.00307747, 0.00307728, 0.00307716,
       0.0030771 , 0.00307705, 0.00307701, 0.00307698, 0.00307695,
       0.00307694, 0.00307693, 0.00307692]), array([0.01467169, 0.01119622, 0.01007861, 0.00939746, 0.00877869,
       0.00824235, 0.0077883 , 0.00735094, 0.00686297, 0.00617101,
       0.00554865, 0.00508337, 0.00474192, 0.00445857, 0.004221  ,
       0.0040234 , 0.00384088, 0.0036769 , 0.00353733, 0.00341812,
       0.00331935, 0.00323548, 0.00316695, 0.00311301, 0.00307072,
       0.00303783, 0.00301329, 0.00299562, 0.00298278, 0.00297369,
       0.00296641, 0.00296055, 0.00295665, 0.00295391, 0.00295207,
       0.00295076, 0.00294962, 0.00294879, 0.00294818, 0.00294757,
       0.00294708, 0.00294665, 0.00294623, 0.00294594, 0.00294578,
       0.00294569, 0.0029456 , 0.00294551, 0.00294542, 0.00294536,
       0.0029453 , 0.00294525, 0.00294521, 0.00294519, 0.00294518]), array([0.01497875, 0.01136881, 0.01017101, 0.00944594, 0.00878626,
       0.00821339, 0.00771662, 0.00721534, 0.00662113, 0.00585697,
       0.00529444, 0.00486954, 0.00453857, 0.00427572, 0.00405503,
       0.00386419, 0.0036968 , 0.00355109, 0.00343043, 0.00332889,
       0.0032419 , 0.00317154, 0.00311624, 0.00306955, 0.00303434,
       0.003009  , 0.00299047, 0.00297556, 0.00296538, 0.00295895,
       0.0029543 , 0.00295065, 0.0029475 , 0.00294508, 0.00294278,
       0.00294095, 0.00293969, 0.00293872, 0.002938  , 0.00293747,
       0.00293707, 0.00293685, 0.0029367 , 0.00293655, 0.00293644,
       0.0029363 , 0.00293619, 0.00293611, 0.00293603, 0.00293592,
       0.00293585, 0.00293581, 0.00293579, 0.00293578]), array([0.01493067, 0.01138405, 0.01018042, 0.00942361, 0.00872642,
       0.00813012, 0.00760122, 0.0070188 , 0.00626624, 0.00568205,
       0.00523242, 0.00487412, 0.00457077, 0.00431893, 0.00411214,
       0.00393805, 0.00378709, 0.00366025, 0.0035532 , 0.00345373,
       0.00337002, 0.00330173, 0.00324723, 0.00320211, 0.0031658 ,
       0.00313899, 0.00312006, 0.00310794, 0.00309802, 0.00309085,
       0.00308575, 0.00308211, 0.00307913, 0.00307692, 0.00307514,
       0.00307357, 0.00307251, 0.00307162, 0.00307086, 0.00307003,
       0.00306957, 0.00306929, 0.0030691 , 0.00306896, 0.00306886,
       0.00306879, 0.00306873, 0.00306869, 0.00306866, 0.00306865]), array([0.01458313, 0.011054  , 0.00997093, 0.0093513 , 0.00877669,
       0.00824841, 0.00779005, 0.00734716, 0.00684977, 0.00614863,
       0.00550275, 0.00505111, 0.00470541, 0.00441912, 0.00417311,
       0.00396068, 0.00378606, 0.00362854, 0.00349117, 0.00337767,
       0.0032817 , 0.00319952, 0.00313104, 0.00307593, 0.00303151,
       0.00299871, 0.00297586, 0.00295877, 0.00294556, 0.00293439,
       0.00292597, 0.00291996, 0.00291563, 0.00291263, 0.00290989,
       0.00290752, 0.0029057 , 0.00290438, 0.00290343, 0.00290248,
       0.00290187, 0.00290142, 0.0029011 , 0.00290086, 0.0029007 ,
       0.00290057, 0.00290043, 0.0029003 , 0.0029002 , 0.00290015,
       0.00290009, 0.00290006, 0.00290003, 0.00290001, 0.00289999,
       0.00289998, 0.00289997])]

