Noise: 0.1
Total times: [226.715270280838, 229.36927127838135, 228.64703106880188, 226.42468881607056, 226.35771989822388, 226.62479996681213, 230.23815727233887, 226.46850299835205, 226.3110752105713, 226.60938429832458, 226.43886518478394, 225.87577605247498, 226.27144289016724, 226.22195267677307, 226.44192838668823, 226.6024100780487, 226.72036480903625, 227.23187160491943, 226.8459403514862, 226.74168133735657, 226.65479493141174, 226.8856611251831, 227.400803565979, 227.27782678604126, 227.15232968330383]
Total rms: [array([0.01202378, 0.00893948, 0.00751052, 0.00681827, 0.00640547,
       0.00610109, 0.00583598, 0.00558609, 0.00535926, 0.00516562,
       0.00499827, 0.00484843, 0.00470577, 0.00456237, 0.0044115 ,
       0.00425596, 0.00409971, 0.00394301, 0.00378703, 0.00364125,
       0.00349982, 0.00336107, 0.00322276, 0.00308131, 0.00293698,
       0.00279334, 0.00265655, 0.00253155, 0.002417  , 0.0023128 ,
       0.00221809, 0.00213311, 0.0020579 , 0.00199153, 0.00193305,
       0.00188236, 0.00183837, 0.00180084, 0.00176848, 0.00174135,
       0.00171877, 0.00170005, 0.00168495, 0.00167265, 0.00166274,
       0.00165504, 0.00164877, 0.00164384, 0.00164007, 0.00163705,
       0.00163459, 0.00163273, 0.0016314 , 0.00163038, 0.0016295 ,
       0.00162879, 0.00162817, 0.00162764, 0.00162729, 0.00162702,
       0.00162682, 0.00162667, 0.00162656, 0.00162647, 0.0016264 ,
       0.00162635, 0.00162631, 0.00162628, 0.00162625, 0.00162623,
       0.00162622, 0.00162621]), array([0.01202378, 0.00893947, 0.00751052, 0.00681827, 0.00640547,
       0.00610109, 0.00583598, 0.00558609, 0.00535926, 0.00516562,
       0.00499827, 0.00484843, 0.00470577, 0.00456237, 0.0044115 ,
       0.00425596, 0.00409971, 0.00394301, 0.00378703, 0.00364125,
       0.00349982, 0.00336107, 0.00322276, 0.00308131, 0.00293698,
       0.00279334, 0.00265655, 0.00253155, 0.002417  , 0.0023128 ,
       0.00221809, 0.00213311, 0.0020579 , 0.00199153, 0.00193305,
       0.00188236, 0.00183837, 0.00180084, 0.00176848, 0.00174135,
       0.00171877, 0.00170005, 0.00168495, 0.00167265, 0.00166274,
       0.00165504, 0.00164877, 0.00164384, 0.00164007, 0.00163705,
       0.00163459, 0.00163273, 0.0016314 , 0.00163038, 0.0016295 ,
       0.00162879, 0.00162817, 0.00162764, 0.00162729, 0.00162702,
       0.00162682, 0.00162667, 0.00162656, 0.00162647, 0.0016264 ,
       0.00162635, 0.00162631, 0.00162628, 0.00162625, 0.00162623,
       0.00162622, 0.00162621]), array([0.01202378, 0.00893949, 0.00751052, 0.00681827, 0.00640547,
       0.00610109, 0.00583598, 0.00558609, 0.00535926, 0.00516562,
       0.00499827, 0.00484843, 0.00470577, 0.00456237, 0.0044115 ,
       0.00425596, 0.00409971, 0.00394301, 0.00378703, 0.00364125,
       0.00349982, 0.00336107, 0.00322276, 0.00308131, 0.00293698,
       0.00279334, 0.00265655, 0.00253155, 0.002417  , 0.0023128 ,
       0.00221809, 0.00213311, 0.0020579 , 0.00199153, 0.00193305,
       0.00188236, 0.00183837, 0.00180084, 0.00176848, 0.00174135,
       0.00171877, 0.00170005, 0.00168495, 0.00167265, 0.00166274,
       0.00165504, 0.00164877, 0.00164384, 0.00164007, 0.00163705,
       0.00163459, 0.00163273, 0.0016314 , 0.00163038, 0.0016295 ,
       0.00162879, 0.00162817, 0.00162764, 0.00162729, 0.00162702,
       0.00162682, 0.00162667, 0.00162656, 0.00162647, 0.0016264 ,
       0.00162635, 0.00162631, 0.00162628, 0.00162625, 0.00162623,
       0.00162622, 0.00162621]), array([0.01202378, 0.00893949, 0.00751052, 0.00681827, 0.00640547,
       0.00610109, 0.00583598, 0.00558609, 0.00535926, 0.00516562,
       0.00499827, 0.00484843, 0.00470577, 0.00456237, 0.0044115 ,
       0.00425596, 0.00409971, 0.00394301, 0.00378703, 0.00364125,
       0.00349982, 0.00336107, 0.00322276, 0.00308131, 0.00293698,
       0.00279334, 0.00265655, 0.00253155, 0.002417  , 0.0023128 ,
       0.00221809, 0.00213311, 0.0020579 , 0.00199153, 0.00193305,
       0.00188236, 0.00183837, 0.00180084, 0.00176848, 0.00174135,
       0.00171877, 0.00170005, 0.00168495, 0.00167265, 0.00166274,
       0.00165504, 0.00164877, 0.00164384, 0.00164007, 0.00163705,
       0.00163459, 0.00163273, 0.0016314 , 0.00163038, 0.0016295 ,
       0.00162879, 0.00162817, 0.00162764, 0.00162729, 0.00162702,
       0.00162682, 0.00162667, 0.00162656, 0.00162647, 0.0016264 ,
       0.00162635, 0.00162631, 0.00162628, 0.00162625, 0.00162623,
       0.00162622, 0.00162621]), array([0.01202378, 0.00893949, 0.00751052, 0.00681827, 0.00640547,
       0.00610109, 0.00583598, 0.00558609, 0.00535926, 0.00516562,
       0.00499827, 0.00484843, 0.00470577, 0.00456237, 0.0044115 ,
       0.00425596, 0.00409971, 0.00394301, 0.00378703, 0.00364125,
       0.00349982, 0.00336107, 0.00322276, 0.00308131, 0.00293698,
       0.00279334, 0.00265655, 0.00253155, 0.002417  , 0.0023128 ,
       0.00221809, 0.00213311, 0.0020579 , 0.00199153, 0.00193305,
       0.00188236, 0.00183837, 0.00180084, 0.00176848, 0.00174135,
       0.00171877, 0.00170005, 0.00168495, 0.00167265, 0.00166274,
       0.00165504, 0.00164877, 0.00164384, 0.00164007, 0.00163705,
       0.00163459, 0.00163273, 0.0016314 , 0.00163038, 0.0016295 ,
       0.00162879, 0.00162817, 0.00162764, 0.00162729, 0.00162702,
       0.00162682, 0.00162667, 0.00162656, 0.00162647, 0.0016264 ,
       0.00162635, 0.00162631, 0.00162628, 0.00162625, 0.00162623,
       0.00162622, 0.00162621]), array([0.01202378, 0.00893949, 0.00751052, 0.00681827, 0.00640547,
       0.00610109, 0.00583598, 0.00558609, 0.00535926, 0.00516562,
       0.00499827, 0.00484843, 0.00470577, 0.00456237, 0.0044115 ,
       0.00425596, 0.00409971, 0.00394301, 0.00378703, 0.00364125,
       0.00349982, 0.00336107, 0.00322276, 0.00308131, 0.00293698,
       0.00279334, 0.00265655, 0.00253155, 0.002417  , 0.0023128 ,
       0.00221809, 0.00213311, 0.0020579 , 0.00199153, 0.00193305,
       0.00188236, 0.00183837, 0.00180084, 0.00176848, 0.00174135,
       0.00171877, 0.00170005, 0.00168495, 0.00167265, 0.00166274,
       0.00165504, 0.00164877, 0.00164384, 0.00164007, 0.00163705,
       0.00163459, 0.00163273, 0.0016314 , 0.00163038, 0.0016295 ,
       0.00162879, 0.00162817, 0.00162764, 0.00162729, 0.00162702,
       0.00162682, 0.00162667, 0.00162656, 0.00162647, 0.0016264 ,
       0.00162635, 0.00162631, 0.00162628, 0.00162625, 0.00162623,
       0.00162622, 0.00162621]), array([0.01202378, 0.00893947, 0.00751052, 0.00681827, 0.00640547,
       0.00610108, 0.00583598, 0.00558609, 0.00535926, 0.00516562,
       0.00499827, 0.00484843, 0.00470577, 0.00456237, 0.0044115 ,
       0.00425596, 0.00409971, 0.00394301, 0.00378703, 0.00364125,
       0.00349982, 0.00336107, 0.00322276, 0.00308131, 0.00293698,
       0.00279334, 0.00265655, 0.00253155, 0.002417  , 0.0023128 ,
       0.00221809, 0.00213311, 0.0020579 , 0.00199153, 0.00193305,
       0.00188236, 0.00183837, 0.00180084, 0.00176848, 0.00174135,
       0.00171877, 0.00170005, 0.00168495, 0.00167265, 0.00166274,
       0.00165504, 0.00164877, 0.00164384, 0.00164007, 0.00163705,
       0.00163459, 0.00163273, 0.0016314 , 0.00163038, 0.0016295 ,
       0.00162879, 0.00162817, 0.00162764, 0.00162729, 0.00162702,
       0.00162682, 0.00162667, 0.00162656, 0.00162647, 0.0016264 ,
       0.00162635, 0.00162631, 0.00162628, 0.00162625, 0.00162623,
       0.00162622, 0.00162621]), array([0.01202378, 0.00893949, 0.00751052, 0.00681827, 0.00640547,
       0.00610109, 0.00583598, 0.00558609, 0.00535926, 0.00516562,
       0.00499827, 0.00484843, 0.00470577, 0.00456237, 0.0044115 ,
       0.00425596, 0.00409971, 0.00394301, 0.00378703, 0.00364125,
       0.00349982, 0.00336107, 0.00322276, 0.00308131, 0.00293698,
       0.00279334, 0.00265655, 0.00253155, 0.002417  , 0.0023128 ,
       0.00221809, 0.00213311, 0.0020579 , 0.00199153, 0.00193305,
       0.00188236, 0.00183837, 0.00180084, 0.00176848, 0.00174135,
       0.00171877, 0.00170005, 0.00168495, 0.00167265, 0.00166274,
       0.00165504, 0.00164877, 0.00164384, 0.00164007, 0.00163705,
       0.00163459, 0.00163273, 0.0016314 , 0.00163038, 0.0016295 ,
       0.00162879, 0.00162817, 0.00162764, 0.00162729, 0.00162702,
       0.00162682, 0.00162667, 0.00162656, 0.00162647, 0.0016264 ,
       0.00162635, 0.00162631, 0.00162628, 0.00162625, 0.00162623,
       0.00162622, 0.00162621]), array([0.01202378, 0.00893949, 0.00751052, 0.00681827, 0.00640547,
       0.00610109, 0.00583598, 0.00558609, 0.00535926, 0.00516562,
       0.00499827, 0.00484843, 0.00470577, 0.00456237, 0.0044115 ,
       0.00425596, 0.00409971, 0.00394301, 0.00378703, 0.00364125,
       0.00349982, 0.00336107, 0.00322276, 0.00308131, 0.00293698,
       0.00279334, 0.00265655, 0.00253155, 0.002417  , 0.0023128 ,
       0.00221809, 0.00213311, 0.0020579 , 0.00199153, 0.00193305,
       0.00188236, 0.00183837, 0.00180084, 0.00176848, 0.00174135,
       0.00171877, 0.00170005, 0.00168495, 0.00167265, 0.00166274,
       0.00165504, 0.00164877, 0.00164384, 0.00164007, 0.00163705,
       0.00163459, 0.00163273, 0.0016314 , 0.00163038, 0.0016295 ,
       0.00162879, 0.00162817, 0.00162764, 0.00162729, 0.00162702,
       0.00162682, 0.00162667, 0.00162656, 0.00162647, 0.0016264 ,
       0.00162635, 0.00162631, 0.00162628, 0.00162625, 0.00162623,
       0.00162622, 0.00162621]), array([0.01202378, 0.00893945, 0.00751052, 0.00681827, 0.00640547,
       0.00610108, 0.00583598, 0.00558609, 0.00535926, 0.00516562,
       0.00499827, 0.00484843, 0.00470577, 0.00456237, 0.0044115 ,
       0.00425596, 0.00409971, 0.00394301, 0.00378703, 0.00364125,
       0.00349982, 0.00336107, 0.00322276, 0.00308131, 0.00293698,
       0.00279334, 0.00265655, 0.00253155, 0.002417  , 0.0023128 ,
       0.00221809, 0.00213311, 0.0020579 , 0.00199153, 0.00193305,
       0.00188236, 0.00183837, 0.00180084, 0.00176848, 0.00174135,
       0.00171877, 0.00170005, 0.00168495, 0.00167265, 0.00166274,
       0.00165504, 0.00164877, 0.00164384, 0.00164007, 0.00163705,
       0.00163459, 0.00163273, 0.0016314 , 0.00163038, 0.0016295 ,
       0.00162879, 0.00162817, 0.00162764, 0.00162729, 0.00162702,
       0.00162682, 0.00162667, 0.00162656, 0.00162647, 0.0016264 ,
       0.00162635, 0.00162631, 0.00162628, 0.00162625, 0.00162623,
       0.00162622, 0.00162621]), array([0.01202378, 0.00893948, 0.00751052, 0.00681827, 0.00640547,
       0.00610109, 0.00583598, 0.00558609, 0.00535926, 0.00516562,
       0.00499827, 0.00484843, 0.00470577, 0.00456237, 0.0044115 ,
       0.00425596, 0.00409971, 0.00394301, 0.00378703, 0.00364125,
       0.00349982, 0.00336107, 0.00322276, 0.00308131, 0.00293698,
       0.00279334, 0.00265655, 0.00253155, 0.002417  , 0.0023128 ,
       0.00221809, 0.00213311, 0.0020579 , 0.00199153, 0.00193305,
       0.00188236, 0.00183837, 0.00180084, 0.00176848, 0.00174135,
       0.00171877, 0.00170005, 0.00168495, 0.00167265, 0.00166274,
       0.00165504, 0.00164877, 0.00164384, 0.00164007, 0.00163705,
       0.00163459, 0.00163273, 0.0016314 , 0.00163038, 0.0016295 ,
       0.00162879, 0.00162817, 0.00162764, 0.00162729, 0.00162702,
       0.00162682, 0.00162667, 0.00162656, 0.00162647, 0.0016264 ,
       0.00162635, 0.00162631, 0.00162628, 0.00162625, 0.00162623,
       0.00162622, 0.00162621]), array([0.01202378, 0.00893947, 0.00751052, 0.00681827, 0.00640547,
       0.00610109, 0.00583598, 0.00558609, 0.00535926, 0.00516562,
       0.00499827, 0.00484843, 0.00470577, 0.00456237, 0.0044115 ,
       0.00425596, 0.00409971, 0.00394301, 0.00378703, 0.00364125,
       0.00349982, 0.00336107, 0.00322276, 0.00308131, 0.00293698,
       0.00279334, 0.00265655, 0.00253155, 0.002417  , 0.0023128 ,
       0.00221809, 0.00213311, 0.0020579 , 0.00199153, 0.00193305,
       0.00188236, 0.00183837, 0.00180084, 0.00176848, 0.00174135,
       0.00171877, 0.00170005, 0.00168495, 0.00167265, 0.00166274,
       0.00165504, 0.00164877, 0.00164384, 0.00164007, 0.00163705,
       0.00163459, 0.00163273, 0.0016314 , 0.00163038, 0.0016295 ,
       0.00162879, 0.00162817, 0.00162764, 0.00162729, 0.00162702,
       0.00162682, 0.00162667, 0.00162656, 0.00162647, 0.0016264 ,
       0.00162635, 0.00162631, 0.00162628, 0.00162625, 0.00162623,
       0.00162622, 0.00162621]), array([0.01202378, 0.00893948, 0.00751052, 0.00681827, 0.00640547,
       0.00610109, 0.00583598, 0.00558609, 0.00535926, 0.00516562,
       0.00499827, 0.00484843, 0.00470577, 0.00456237, 0.0044115 ,
       0.00425596, 0.00409971, 0.00394301, 0.00378703, 0.00364125,
       0.00349982, 0.00336107, 0.00322276, 0.00308131, 0.00293698,
       0.00279334, 0.00265655, 0.00253155, 0.002417  , 0.0023128 ,
       0.00221809, 0.00213311, 0.0020579 , 0.00199153, 0.00193305,
       0.00188236, 0.00183837, 0.00180084, 0.00176848, 0.00174135,
       0.00171877, 0.00170005, 0.00168495, 0.00167265, 0.00166274,
       0.00165504, 0.00164877, 0.00164384, 0.00164007, 0.00163705,
       0.00163459, 0.00163273, 0.0016314 , 0.00163038, 0.0016295 ,
       0.00162879, 0.00162817, 0.00162764, 0.00162729, 0.00162702,
       0.00162682, 0.00162667, 0.00162656, 0.00162647, 0.0016264 ,
       0.00162635, 0.00162631, 0.00162628, 0.00162625, 0.00162623,
       0.00162622, 0.00162621]), array([0.01202378, 0.00893949, 0.00751052, 0.00681827, 0.00640547,
       0.00610109, 0.00583598, 0.00558609, 0.00535926, 0.00516562,
       0.00499827, 0.00484843, 0.00470577, 0.00456237, 0.0044115 ,
       0.00425596, 0.00409971, 0.00394301, 0.00378703, 0.00364125,
       0.00349982, 0.00336107, 0.00322276, 0.00308131, 0.00293698,
       0.00279334, 0.00265655, 0.00253155, 0.002417  , 0.0023128 ,
       0.00221809, 0.00213311, 0.0020579 , 0.00199153, 0.00193305,
       0.00188236, 0.00183837, 0.00180084, 0.00176848, 0.00174135,
       0.00171877, 0.00170005, 0.00168495, 0.00167265, 0.00166274,
       0.00165504, 0.00164877, 0.00164384, 0.00164007, 0.00163705,
       0.00163459, 0.00163273, 0.0016314 , 0.00163038, 0.0016295 ,
       0.00162879, 0.00162817, 0.00162764, 0.00162729, 0.00162702,
       0.00162682, 0.00162667, 0.00162656, 0.00162647, 0.0016264 ,
       0.00162635, 0.00162631, 0.00162628, 0.00162625, 0.00162623,
       0.00162622, 0.00162621]), array([0.01202378, 0.00893951, 0.00751053, 0.00681827, 0.00640547,
       0.00610109, 0.00583598, 0.00558609, 0.00535926, 0.00516562,
       0.00499827, 0.00484843, 0.00470577, 0.00456237, 0.0044115 ,
       0.00425596, 0.00409971, 0.00394301, 0.00378703, 0.00364125,
       0.00349982, 0.00336107, 0.00322276, 0.00308131, 0.00293698,
       0.00279334, 0.00265655, 0.00253155, 0.002417  , 0.0023128 ,
       0.00221809, 0.00213311, 0.0020579 , 0.00199153, 0.00193305,
       0.00188236, 0.00183837, 0.00180084, 0.00176848, 0.00174135,
       0.00171877, 0.00170005, 0.00168495, 0.00167265, 0.00166274,
       0.00165504, 0.00164877, 0.00164384, 0.00164007, 0.00163705,
       0.00163459, 0.00163273, 0.0016314 , 0.00163038, 0.0016295 ,
       0.00162879, 0.00162817, 0.00162764, 0.00162729, 0.00162702,
       0.00162682, 0.00162667, 0.00162656, 0.00162647, 0.0016264 ,
       0.00162635, 0.00162631, 0.00162628, 0.00162625, 0.00162623,
       0.00162622, 0.00162621]), array([0.01202378, 0.00893947, 0.00751052, 0.00681827, 0.00640547,
       0.00610109, 0.00583598, 0.00558609, 0.00535926, 0.00516562,
       0.00499827, 0.00484843, 0.00470577, 0.00456237, 0.0044115 ,
       0.00425596, 0.00409971, 0.00394301, 0.00378703, 0.00364125,
       0.00349982, 0.00336107, 0.00322276, 0.00308131, 0.00293698,
       0.00279334, 0.00265655, 0.00253155, 0.002417  , 0.0023128 ,
       0.00221809, 0.00213311, 0.0020579 , 0.00199153, 0.00193305,
       0.00188236, 0.00183837, 0.00180084, 0.00176848, 0.00174135,
       0.00171877, 0.00170005, 0.00168495, 0.00167265, 0.00166274,
       0.00165504, 0.00164877, 0.00164384, 0.00164007, 0.00163705,
       0.00163459, 0.00163273, 0.0016314 , 0.00163038, 0.0016295 ,
       0.00162879, 0.00162817, 0.00162764, 0.00162729, 0.00162702,
       0.00162682, 0.00162667, 0.00162656, 0.00162647, 0.0016264 ,
       0.00162635, 0.00162631, 0.00162628, 0.00162625, 0.00162623,
       0.00162622, 0.00162621]), array([0.01202378, 0.0089395 , 0.00751052, 0.00681827, 0.00640547,
       0.00610109, 0.00583598, 0.00558609, 0.00535926, 0.00516562,
       0.00499827, 0.00484843, 0.00470577, 0.00456237, 0.0044115 ,
       0.00425596, 0.00409971, 0.00394301, 0.00378703, 0.00364125,
       0.00349982, 0.00336107, 0.00322276, 0.00308131, 0.00293698,
       0.00279334, 0.00265655, 0.00253155, 0.002417  , 0.0023128 ,
       0.00221809, 0.00213311, 0.0020579 , 0.00199153, 0.00193305,
       0.00188236, 0.00183837, 0.00180084, 0.00176848, 0.00174135,
       0.00171877, 0.00170005, 0.00168495, 0.00167265, 0.00166274,
       0.00165504, 0.00164877, 0.00164384, 0.00164007, 0.00163705,
       0.00163459, 0.00163273, 0.0016314 , 0.00163038, 0.0016295 ,
       0.00162879, 0.00162817, 0.00162764, 0.00162729, 0.00162702,
       0.00162682, 0.00162667, 0.00162656, 0.00162647, 0.0016264 ,
       0.00162635, 0.00162631, 0.00162628, 0.00162625, 0.00162623,
       0.00162622, 0.00162621]), array([0.01202378, 0.00893951, 0.00751052, 0.00681827, 0.00640547,
       0.00610109, 0.00583598, 0.00558609, 0.00535926, 0.00516562,
       0.00499827, 0.00484843, 0.00470577, 0.00456237, 0.0044115 ,
       0.00425596, 0.00409971, 0.00394301, 0.00378703, 0.00364125,
       0.00349982, 0.00336107, 0.00322276, 0.00308131, 0.00293698,
       0.00279334, 0.00265655, 0.00253155, 0.002417  , 0.0023128 ,
       0.00221809, 0.00213311, 0.0020579 , 0.00199153, 0.00193305,
       0.00188236, 0.00183837, 0.00180084, 0.00176848, 0.00174135,
       0.00171877, 0.00170005, 0.00168495, 0.00167265, 0.00166274,
       0.00165504, 0.00164877, 0.00164384, 0.00164007, 0.00163705,
       0.00163459, 0.00163273, 0.0016314 , 0.00163038, 0.0016295 ,
       0.00162879, 0.00162817, 0.00162764, 0.00162729, 0.00162702,
       0.00162682, 0.00162667, 0.00162656, 0.00162647, 0.0016264 ,
       0.00162635, 0.00162631, 0.00162628, 0.00162625, 0.00162623,
       0.00162622, 0.00162621]), array([0.01202378, 0.00893949, 0.00751052, 0.00681827, 0.00640547,
       0.00610109, 0.00583598, 0.00558609, 0.00535926, 0.00516562,
       0.00499827, 0.00484843, 0.00470577, 0.00456237, 0.0044115 ,
       0.00425596, 0.00409971, 0.00394301, 0.00378703, 0.00364125,
       0.00349982, 0.00336107, 0.00322276, 0.00308131, 0.00293698,
       0.00279334, 0.00265655, 0.00253155, 0.002417  , 0.0023128 ,
       0.00221809, 0.00213311, 0.0020579 , 0.00199153, 0.00193305,
       0.00188236, 0.00183837, 0.00180084, 0.00176848, 0.00174135,
       0.00171877, 0.00170005, 0.00168495, 0.00167265, 0.00166274,
       0.00165504, 0.00164877, 0.00164384, 0.00164007, 0.00163705,
       0.00163459, 0.00163273, 0.0016314 , 0.00163038, 0.0016295 ,
       0.00162879, 0.00162817, 0.00162764, 0.00162729, 0.00162702,
       0.00162682, 0.00162667, 0.00162656, 0.00162647, 0.0016264 ,
       0.00162635, 0.00162631, 0.00162628, 0.00162625, 0.00162623,
       0.00162622, 0.00162621]), array([0.01202378, 0.0089395 , 0.00751052, 0.00681827, 0.00640547,
       0.00610109, 0.00583598, 0.00558609, 0.00535926, 0.00516562,
       0.00499827, 0.00484843, 0.00470577, 0.00456237, 0.0044115 ,
       0.00425596, 0.00409971, 0.00394301, 0.00378703, 0.00364125,
       0.00349982, 0.00336107, 0.00322276, 0.00308131, 0.00293698,
       0.00279334, 0.00265655, 0.00253155, 0.002417  , 0.0023128 ,
       0.00221809, 0.00213311, 0.0020579 , 0.00199153, 0.00193305,
       0.00188236, 0.00183837, 0.00180084, 0.00176848, 0.00174135,
       0.00171877, 0.00170005, 0.00168495, 0.00167265, 0.00166274,
       0.00165504, 0.00164877, 0.00164384, 0.00164007, 0.00163705,
       0.00163459, 0.00163273, 0.0016314 , 0.00163038, 0.0016295 ,
       0.00162879, 0.00162817, 0.00162764, 0.00162729, 0.00162702,
       0.00162682, 0.00162667, 0.00162656, 0.00162647, 0.0016264 ,
       0.00162635, 0.00162631, 0.00162628, 0.00162625, 0.00162623,
       0.00162622, 0.00162621]), array([0.01202378, 0.00893948, 0.00751052, 0.00681827, 0.00640547,
       0.00610109, 0.00583598, 0.00558609, 0.00535926, 0.00516562,
       0.00499827, 0.00484843, 0.00470577, 0.00456237, 0.0044115 ,
       0.00425596, 0.00409971, 0.00394301, 0.00378703, 0.00364125,
       0.00349982, 0.00336107, 0.00322276, 0.00308131, 0.00293698,
       0.00279334, 0.00265655, 0.00253155, 0.002417  , 0.0023128 ,
       0.00221809, 0.00213311, 0.0020579 , 0.00199153, 0.00193305,
       0.00188236, 0.00183837, 0.00180084, 0.00176848, 0.00174135,
       0.00171877, 0.00170005, 0.00168495, 0.00167265, 0.00166274,
       0.00165504, 0.00164877, 0.00164384, 0.00164007, 0.00163705,
       0.00163459, 0.00163273, 0.0016314 , 0.00163038, 0.0016295 ,
       0.00162879, 0.00162817, 0.00162764, 0.00162729, 0.00162702,
       0.00162682, 0.00162667, 0.00162656, 0.00162647, 0.0016264 ,
       0.00162635, 0.00162631, 0.00162628, 0.00162625, 0.00162623,
       0.00162622, 0.00162621]), array([0.01202378, 0.00893951, 0.00751053, 0.00681827, 0.00640547,
       0.00610109, 0.00583598, 0.00558609, 0.00535926, 0.00516562,
       0.00499827, 0.00484843, 0.00470577, 0.00456237, 0.0044115 ,
       0.00425596, 0.00409971, 0.00394301, 0.00378703, 0.00364125,
       0.00349982, 0.00336107, 0.00322276, 0.00308131, 0.00293698,
       0.00279334, 0.00265655, 0.00253155, 0.002417  , 0.0023128 ,
       0.00221809, 0.00213311, 0.0020579 , 0.00199153, 0.00193305,
       0.00188236, 0.00183837, 0.00180084, 0.00176848, 0.00174135,
       0.00171877, 0.00170005, 0.00168495, 0.00167265, 0.00166274,
       0.00165504, 0.00164877, 0.00164384, 0.00164007, 0.00163705,
       0.00163459, 0.00163273, 0.0016314 , 0.00163038, 0.0016295 ,
       0.00162879, 0.00162817, 0.00162764, 0.00162729, 0.00162702,
       0.00162682, 0.00162667, 0.00162656, 0.00162647, 0.0016264 ,
       0.00162635, 0.00162631, 0.00162628, 0.00162625, 0.00162623,
       0.00162622, 0.00162621]), array([0.01202378, 0.00893948, 0.00751052, 0.00681827, 0.00640547,
       0.00610109, 0.00583598, 0.00558609, 0.00535926, 0.00516562,
       0.00499827, 0.00484843, 0.00470577, 0.00456237, 0.0044115 ,
       0.00425596, 0.00409971, 0.00394301, 0.00378703, 0.00364125,
       0.00349982, 0.00336107, 0.00322276, 0.00308131, 0.00293698,
       0.00279334, 0.00265655, 0.00253155, 0.002417  , 0.0023128 ,
       0.00221809, 0.00213311, 0.0020579 , 0.00199153, 0.00193305,
       0.00188236, 0.00183837, 0.00180084, 0.00176848, 0.00174135,
       0.00171877, 0.00170005, 0.00168495, 0.00167265, 0.00166274,
       0.00165504, 0.00164877, 0.00164384, 0.00164007, 0.00163705,
       0.00163459, 0.00163273, 0.0016314 , 0.00163038, 0.0016295 ,
       0.00162879, 0.00162817, 0.00162764, 0.00162729, 0.00162702,
       0.00162682, 0.00162667, 0.00162656, 0.00162647, 0.0016264 ,
       0.00162635, 0.00162631, 0.00162628, 0.00162625, 0.00162623,
       0.00162622, 0.00162621]), array([0.01202378, 0.00893947, 0.00751052, 0.00681827, 0.00640547,
       0.00610109, 0.00583598, 0.00558609, 0.00535926, 0.00516562,
       0.00499827, 0.00484843, 0.00470577, 0.00456237, 0.0044115 ,
       0.00425596, 0.00409971, 0.00394301, 0.00378703, 0.00364125,
       0.00349982, 0.00336107, 0.00322276, 0.00308131, 0.00293698,
       0.00279334, 0.00265655, 0.00253155, 0.002417  , 0.0023128 ,
       0.00221809, 0.00213311, 0.0020579 , 0.00199153, 0.00193305,
       0.00188236, 0.00183837, 0.00180084, 0.00176848, 0.00174135,
       0.00171877, 0.00170005, 0.00168495, 0.00167265, 0.00166274,
       0.00165504, 0.00164877, 0.00164384, 0.00164007, 0.00163705,
       0.00163459, 0.00163273, 0.0016314 , 0.00163038, 0.0016295 ,
       0.00162879, 0.00162817, 0.00162764, 0.00162729, 0.00162702,
       0.00162682, 0.00162667, 0.00162656, 0.00162647, 0.0016264 ,
       0.00162635, 0.00162631, 0.00162628, 0.00162625, 0.00162623,
       0.00162622, 0.00162621]), array([0.01202378, 0.00893949, 0.00751052, 0.00681827, 0.00640547,
       0.00610109, 0.00583598, 0.00558609, 0.00535926, 0.00516562,
       0.00499827, 0.00484843, 0.00470577, 0.00456237, 0.0044115 ,
       0.00425596, 0.00409971, 0.00394301, 0.00378703, 0.00364125,
       0.00349982, 0.00336107, 0.00322276, 0.00308131, 0.00293698,
       0.00279334, 0.00265655, 0.00253155, 0.002417  , 0.0023128 ,
       0.00221809, 0.00213311, 0.0020579 , 0.00199153, 0.00193305,
       0.00188236, 0.00183837, 0.00180084, 0.00176848, 0.00174135,
       0.00171877, 0.00170005, 0.00168495, 0.00167265, 0.00166274,
       0.00165504, 0.00164877, 0.00164384, 0.00164007, 0.00163705,
       0.00163459, 0.00163273, 0.0016314 , 0.00163038, 0.0016295 ,
       0.00162879, 0.00162817, 0.00162764, 0.00162729, 0.00162702,
       0.00162682, 0.00162667, 0.00162656, 0.00162647, 0.0016264 ,
       0.00162635, 0.00162631, 0.00162628, 0.00162625, 0.00162623,
       0.00162622, 0.00162621])]

Noise: 0.25
Total times: [230.82687067985535, 226.62598085403442, 226.7989842891693, 228.04502749443054, 227.41165828704834, 226.70079112052917, 226.8268337249756, 263.71176838874817, 229.13133215904236, 228.18723559379578, 228.69600749015808, 229.3659975528717, 231.11579823493958, 230.02669024467468, 231.94398045539856, 229.72764253616333, 228.83208441734314, 227.85668063163757, 230.15395498275757, 231.40852093696594, 229.88806080818176, 227.60278487205505, 227.69754242897034, 227.78655576705933, 227.84003901481628]
Total rms: [array([0.01202378, 0.00893947, 0.00751052, 0.00681827, 0.00640547,
       0.00610108, 0.00583598, 0.00558609, 0.00535926, 0.00516562,
       0.00499827, 0.00484843, 0.00470577, 0.00456237, 0.0044115 ,
       0.00425596, 0.00409971, 0.00394301, 0.00378703, 0.00364125,
       0.00349982, 0.00336107, 0.00322276, 0.00308131, 0.00293698,
       0.00279334, 0.00265655, 0.00253155, 0.002417  , 0.0023128 ,
       0.00221809, 0.00213311, 0.0020579 , 0.00199153, 0.00193305,
       0.00188236, 0.00183837, 0.00180084, 0.00176848, 0.00174135,
       0.00171877, 0.00170005, 0.00168495, 0.00167265, 0.00166274,
       0.00165504, 0.00164877, 0.00164384, 0.00164007, 0.00163705,
       0.00163459, 0.00163273, 0.0016314 , 0.00163038, 0.0016295 ,
       0.00162879, 0.00162817, 0.00162764, 0.00162729, 0.00162702,
       0.00162682, 0.00162667, 0.00162656, 0.00162647, 0.0016264 ,
       0.00162635, 0.00162631, 0.00162628, 0.00162625, 0.00162623,
       0.00162622, 0.00162621]), array([0.01202378, 0.00893951, 0.00751052, 0.00681827, 0.00640547,
       0.00610109, 0.00583598, 0.00558609, 0.00535926, 0.00516562,
       0.00499827, 0.00484843, 0.00470577, 0.00456237, 0.0044115 ,
       0.00425596, 0.00409971, 0.00394301, 0.00378703, 0.00364125,
       0.00349982, 0.00336107, 0.00322276, 0.00308131, 0.00293698,
       0.00279334, 0.00265655, 0.00253155, 0.002417  , 0.0023128 ,
       0.00221809, 0.00213311, 0.0020579 , 0.00199153, 0.00193305,
       0.00188236, 0.00183837, 0.00180084, 0.00176848, 0.00174135,
       0.00171877, 0.00170005, 0.00168495, 0.00167265, 0.00166274,
       0.00165504, 0.00164877, 0.00164384, 0.00164007, 0.00163705,
       0.00163459, 0.00163273, 0.0016314 , 0.00163038, 0.0016295 ,
       0.00162879, 0.00162817, 0.00162764, 0.00162729, 0.00162702,
       0.00162682, 0.00162667, 0.00162656, 0.00162647, 0.0016264 ,
       0.00162635, 0.00162631, 0.00162628, 0.00162625, 0.00162623,
       0.00162622, 0.00162621]), array([0.01202378, 0.00893949, 0.00751052, 0.00681827, 0.00640547,
       0.00610109, 0.00583598, 0.00558609, 0.00535926, 0.00516562,
       0.00499827, 0.00484843, 0.00470577, 0.00456237, 0.0044115 ,
       0.00425596, 0.00409971, 0.00394301, 0.00378703, 0.00364125,
       0.00349982, 0.00336107, 0.00322276, 0.00308131, 0.00293698,
       0.00279334, 0.00265655, 0.00253155, 0.002417  , 0.0023128 ,
       0.00221809, 0.00213311, 0.0020579 , 0.00199153, 0.00193305,
       0.00188236, 0.00183837, 0.00180084, 0.00176848, 0.00174135,
       0.00171877, 0.00170005, 0.00168495, 0.00167265, 0.00166274,
       0.00165504, 0.00164877, 0.00164384, 0.00164007, 0.00163705,
       0.00163459, 0.00163273, 0.0016314 , 0.00163038, 0.0016295 ,
       0.00162879, 0.00162817, 0.00162764, 0.00162729, 0.00162702,
       0.00162682, 0.00162667, 0.00162656, 0.00162647, 0.0016264 ,
       0.00162635, 0.00162631, 0.00162628, 0.00162625, 0.00162623,
       0.00162622, 0.00162621]), array([0.01202378, 0.00893948, 0.00751052, 0.00681827, 0.00640547,
       0.00610109, 0.00583598, 0.00558609, 0.00535926, 0.00516562,
       0.00499827, 0.00484843, 0.00470577, 0.00456237, 0.0044115 ,
       0.00425596, 0.00409971, 0.00394301, 0.00378703, 0.00364125,
       0.00349982, 0.00336107, 0.00322276, 0.00308131, 0.00293698,
       0.00279334, 0.00265655, 0.00253155, 0.002417  , 0.0023128 ,
       0.00221809, 0.00213311, 0.0020579 , 0.00199153, 0.00193305,
       0.00188236, 0.00183837, 0.00180084, 0.00176848, 0.00174135,
       0.00171877, 0.00170005, 0.00168495, 0.00167265, 0.00166274,
       0.00165504, 0.00164877, 0.00164384, 0.00164007, 0.00163705,
       0.00163459, 0.00163273, 0.0016314 , 0.00163038, 0.0016295 ,
       0.00162879, 0.00162817, 0.00162764, 0.00162729, 0.00162702,
       0.00162682, 0.00162667, 0.00162656, 0.00162647, 0.0016264 ,
       0.00162635, 0.00162631, 0.00162628, 0.00162625, 0.00162623,
       0.00162622, 0.00162621]), array([0.01202378, 0.0089395 , 0.00751052, 0.00681827, 0.00640547,
       0.00610109, 0.00583598, 0.00558609, 0.00535926, 0.00516562,
       0.00499827, 0.00484843, 0.00470577, 0.00456237, 0.0044115 ,
       0.00425596, 0.00409971, 0.00394301, 0.00378703, 0.00364125,
       0.00349982, 0.00336107, 0.00322276, 0.00308131, 0.00293698,
       0.00279334, 0.00265655, 0.00253155, 0.002417  , 0.0023128 ,
       0.00221809, 0.00213311, 0.0020579 , 0.00199153, 0.00193305,
       0.00188236, 0.00183837, 0.00180084, 0.00176848, 0.00174135,
       0.00171877, 0.00170005, 0.00168495, 0.00167265, 0.00166274,
       0.00165504, 0.00164877, 0.00164384, 0.00164007, 0.00163705,
       0.00163459, 0.00163273, 0.0016314 , 0.00163038, 0.0016295 ,
       0.00162879, 0.00162817, 0.00162764, 0.00162729, 0.00162702,
       0.00162682, 0.00162667, 0.00162656, 0.00162647, 0.0016264 ,
       0.00162635, 0.00162631, 0.00162628, 0.00162625, 0.00162623,
       0.00162622, 0.00162621]), array([0.01202378, 0.00893949, 0.00751052, 0.00681827, 0.00640547,
       0.00610109, 0.00583598, 0.00558609, 0.00535926, 0.00516562,
       0.00499827, 0.00484843, 0.00470577, 0.00456237, 0.0044115 ,
       0.00425596, 0.00409971, 0.00394301, 0.00378703, 0.00364125,
       0.00349982, 0.00336107, 0.00322276, 0.00308131, 0.00293698,
       0.00279334, 0.00265655, 0.00253155, 0.002417  , 0.0023128 ,
       0.00221809, 0.00213311, 0.0020579 , 0.00199153, 0.00193305,
       0.00188236, 0.00183837, 0.00180084, 0.00176848, 0.00174135,
       0.00171877, 0.00170005, 0.00168495, 0.00167265, 0.00166274,
       0.00165504, 0.00164877, 0.00164384, 0.00164007, 0.00163705,
       0.00163459, 0.00163273, 0.0016314 , 0.00163038, 0.0016295 ,
       0.00162879, 0.00162817, 0.00162764, 0.00162729, 0.00162702,
       0.00162682, 0.00162667, 0.00162656, 0.00162647, 0.0016264 ,
       0.00162635, 0.00162631, 0.00162628, 0.00162625, 0.00162623,
       0.00162622, 0.00162621]), array([0.01202378, 0.0089395 , 0.00751052, 0.00681827, 0.00640547,
       0.00610109, 0.00583598, 0.00558609, 0.00535926, 0.00516562,
       0.00499827, 0.00484843, 0.00470577, 0.00456237, 0.0044115 ,
       0.00425596, 0.00409971, 0.00394301, 0.00378703, 0.00364125,
       0.00349982, 0.00336107, 0.00322276, 0.00308131, 0.00293698,
       0.00279334, 0.00265655, 0.00253155, 0.002417  , 0.0023128 ,
       0.00221809, 0.00213311, 0.0020579 , 0.00199153, 0.00193305,
       0.00188236, 0.00183837, 0.00180084, 0.00176848, 0.00174135,
       0.00171877, 0.00170005, 0.00168495, 0.00167265, 0.00166274,
       0.00165504, 0.00164877, 0.00164384, 0.00164007, 0.00163705,
       0.00163459, 0.00163273, 0.0016314 , 0.00163038, 0.0016295 ,
       0.00162879, 0.00162817, 0.00162764, 0.00162729, 0.00162702,
       0.00162682, 0.00162667, 0.00162656, 0.00162647, 0.0016264 ,
       0.00162635, 0.00162631, 0.00162628, 0.00162625, 0.00162623,
       0.00162622, 0.00162621]), array([0.01202378, 0.00893949, 0.00751052, 0.00681827, 0.00640547,
       0.00610109, 0.00583598, 0.00558609, 0.00535926, 0.00516562,
       0.00499827, 0.00484843, 0.00470577, 0.00456237, 0.0044115 ,
       0.00425596, 0.00409971, 0.00394301, 0.00378703, 0.00364125,
       0.00349982, 0.00336107, 0.00322276, 0.00308131, 0.00293698,
       0.00279334, 0.00265655, 0.00253155, 0.002417  , 0.0023128 ,
       0.00221809, 0.00213311, 0.0020579 , 0.00199153, 0.00193305,
       0.00188236, 0.00183837, 0.00180084, 0.00176848, 0.00174135,
       0.00171877, 0.00170005, 0.00168495, 0.00167265, 0.00166274,
       0.00165504, 0.00164877, 0.00164384, 0.00164007, 0.00163705,
       0.00163459, 0.00163273, 0.0016314 , 0.00163038, 0.0016295 ,
       0.00162879, 0.00162817, 0.00162764, 0.00162729, 0.00162702,
       0.00162682, 0.00162667, 0.00162656, 0.00162647, 0.0016264 ,
       0.00162635, 0.00162631, 0.00162628, 0.00162625, 0.00162623,
       0.00162622, 0.00162621]), array([0.01202378, 0.00893948, 0.00751052, 0.00681827, 0.00640547,
       0.00610109, 0.00583598, 0.00558609, 0.00535926, 0.00516562,
       0.00499827, 0.00484843, 0.00470577, 0.00456237, 0.0044115 ,
       0.00425596, 0.00409971, 0.00394301, 0.00378703, 0.00364125,
       0.00349982, 0.00336107, 0.00322276, 0.00308131, 0.00293698,
       0.00279334, 0.00265655, 0.00253155, 0.002417  , 0.0023128 ,
       0.00221809, 0.00213311, 0.0020579 , 0.00199153, 0.00193305,
       0.00188236, 0.00183837, 0.00180084, 0.00176848, 0.00174135,
       0.00171877, 0.00170005, 0.00168495, 0.00167265, 0.00166274,
       0.00165504, 0.00164877, 0.00164384, 0.00164007, 0.00163705,
       0.00163459, 0.00163273, 0.0016314 , 0.00163038, 0.0016295 ,
       0.00162879, 0.00162817, 0.00162764, 0.00162729, 0.00162702,
       0.00162682, 0.00162667, 0.00162656, 0.00162647, 0.0016264 ,
       0.00162635, 0.00162631, 0.00162628, 0.00162625, 0.00162623,
       0.00162622, 0.00162621]), array([0.01202378, 0.00893947, 0.00751052, 0.00681827, 0.00640547,
       0.00610109, 0.00583598, 0.00558609, 0.00535926, 0.00516562,
       0.00499827, 0.00484843, 0.00470577, 0.00456237, 0.0044115 ,
       0.00425596, 0.00409971, 0.00394301, 0.00378703, 0.00364125,
       0.00349982, 0.00336107, 0.00322276, 0.00308131, 0.00293698,
       0.00279334, 0.00265655, 0.00253155, 0.002417  , 0.0023128 ,
       0.00221809, 0.00213311, 0.0020579 , 0.00199153, 0.00193305,
       0.00188236, 0.00183837, 0.00180084, 0.00176848, 0.00174135,
       0.00171877, 0.00170005, 0.00168495, 0.00167265, 0.00166274,
       0.00165504, 0.00164877, 0.00164384, 0.00164007, 0.00163705,
       0.00163459, 0.00163273, 0.0016314 , 0.00163038, 0.0016295 ,
       0.00162879, 0.00162817, 0.00162764, 0.00162729, 0.00162702,
       0.00162682, 0.00162667, 0.00162656, 0.00162647, 0.0016264 ,
       0.00162635, 0.00162631, 0.00162628, 0.00162625, 0.00162623,
       0.00162622, 0.00162621]), array([0.01202378, 0.0089395 , 0.00751052, 0.00681827, 0.00640547,
       0.00610109, 0.00583598, 0.00558609, 0.00535926, 0.00516562,
       0.00499827, 0.00484843, 0.00470577, 0.00456237, 0.0044115 ,
       0.00425596, 0.00409971, 0.00394301, 0.00378703, 0.00364125,
       0.00349982, 0.00336107, 0.00322276, 0.00308131, 0.00293698,
       0.00279334, 0.00265655, 0.00253155, 0.002417  , 0.0023128 ,
       0.00221809, 0.00213311, 0.0020579 , 0.00199153, 0.00193305,
       0.00188236, 0.00183837, 0.00180084, 0.00176848, 0.00174135,
       0.00171877, 0.00170005, 0.00168495, 0.00167265, 0.00166274,
       0.00165504, 0.00164877, 0.00164384, 0.00164007, 0.00163705,
       0.00163459, 0.00163273, 0.0016314 , 0.00163038, 0.0016295 ,
       0.00162879, 0.00162817, 0.00162764, 0.00162729, 0.00162702,
       0.00162682, 0.00162667, 0.00162656, 0.00162647, 0.0016264 ,
       0.00162635, 0.00162631, 0.00162628, 0.00162625, 0.00162623,
       0.00162622, 0.00162621]), array([0.01202378, 0.0089395 , 0.00751052, 0.00681827, 0.00640547,
       0.00610109, 0.00583598, 0.00558609, 0.00535926, 0.00516562,
       0.00499827, 0.00484843, 0.00470577, 0.00456237, 0.0044115 ,
       0.00425596, 0.00409971, 0.00394301, 0.00378703, 0.00364125,
       0.00349982, 0.00336107, 0.00322276, 0.00308131, 0.00293698,
       0.00279334, 0.00265655, 0.00253155, 0.002417  , 0.0023128 ,
       0.00221809, 0.00213311, 0.0020579 , 0.00199153, 0.00193305,
       0.00188236, 0.00183837, 0.00180084, 0.00176848, 0.00174135,
       0.00171877, 0.00170005, 0.00168495, 0.00167265, 0.00166274,
       0.00165504, 0.00164877, 0.00164384, 0.00164007, 0.00163705,
       0.00163459, 0.00163273, 0.0016314 , 0.00163038, 0.0016295 ,
       0.00162879, 0.00162817, 0.00162764, 0.00162729, 0.00162702,
       0.00162682, 0.00162667, 0.00162656, 0.00162647, 0.0016264 ,
       0.00162635, 0.00162631, 0.00162628, 0.00162625, 0.00162623,
       0.00162622, 0.00162621]), array([0.01202378, 0.00893949, 0.00751052, 0.00681827, 0.00640547,
       0.00610109, 0.00583598, 0.00558609, 0.00535926, 0.00516562,
       0.00499827, 0.00484843, 0.00470577, 0.00456237, 0.0044115 ,
       0.00425596, 0.00409971, 0.00394301, 0.00378703, 0.00364125,
       0.00349982, 0.00336107, 0.00322276, 0.00308131, 0.00293698,
       0.00279334, 0.00265655, 0.00253155, 0.002417  , 0.0023128 ,
       0.00221809, 0.00213311, 0.0020579 , 0.00199153, 0.00193305,
       0.00188236, 0.00183837, 0.00180084, 0.00176848, 0.00174135,
       0.00171877, 0.00170005, 0.00168495, 0.00167265, 0.00166274,
       0.00165504, 0.00164877, 0.00164384, 0.00164007, 0.00163705,
       0.00163459, 0.00163273, 0.0016314 , 0.00163038, 0.0016295 ,
       0.00162879, 0.00162817, 0.00162764, 0.00162729, 0.00162702,
       0.00162682, 0.00162667, 0.00162656, 0.00162647, 0.0016264 ,
       0.00162635, 0.00162631, 0.00162628, 0.00162625, 0.00162623,
       0.00162622, 0.00162621]), array([0.01202378, 0.00893951, 0.00751053, 0.00681827, 0.00640547,
       0.00610109, 0.00583598, 0.00558609, 0.00535926, 0.00516562,
       0.00499827, 0.00484843, 0.00470577, 0.00456237, 0.0044115 ,
       0.00425596, 0.00409971, 0.00394301, 0.00378703, 0.00364125,
       0.00349982, 0.00336107, 0.00322276, 0.00308131, 0.00293698,
       0.00279334, 0.00265655, 0.00253155, 0.002417  , 0.0023128 ,
       0.00221809, 0.00213311, 0.0020579 , 0.00199153, 0.00193305,
       0.00188236, 0.00183837, 0.00180084, 0.00176848, 0.00174135,
       0.00171877, 0.00170005, 0.00168495, 0.00167265, 0.00166274,
       0.00165504, 0.00164877, 0.00164384, 0.00164007, 0.00163705,
       0.00163459, 0.00163273, 0.0016314 , 0.00163038, 0.0016295 ,
       0.00162879, 0.00162817, 0.00162764, 0.00162729, 0.00162702,
       0.00162682, 0.00162667, 0.00162656, 0.00162647, 0.0016264 ,
       0.00162635, 0.00162631, 0.00162628, 0.00162625, 0.00162623,
       0.00162622, 0.00162621]), array([0.01202378, 0.00893951, 0.00751052, 0.00681827, 0.00640547,
       0.00610109, 0.00583598, 0.00558609, 0.00535926, 0.00516562,
       0.00499827, 0.00484843, 0.00470577, 0.00456237, 0.0044115 ,
       0.00425596, 0.00409971, 0.00394301, 0.00378703, 0.00364125,
       0.00349982, 0.00336107, 0.00322276, 0.00308131, 0.00293698,
       0.00279334, 0.00265655, 0.00253155, 0.002417  , 0.0023128 ,
       0.00221809, 0.00213311, 0.0020579 , 0.00199153, 0.00193305,
       0.00188236, 0.00183837, 0.00180084, 0.00176848, 0.00174135,
       0.00171877, 0.00170005, 0.00168495, 0.00167265, 0.00166274,
       0.00165504, 0.00164877, 0.00164384, 0.00164007, 0.00163705,
       0.00163459, 0.00163273, 0.0016314 , 0.00163038, 0.0016295 ,
       0.00162879, 0.00162817, 0.00162764, 0.00162729, 0.00162702,
       0.00162682, 0.00162667, 0.00162656, 0.00162647, 0.0016264 ,
       0.00162635, 0.00162631, 0.00162628, 0.00162625, 0.00162623,
       0.00162622, 0.00162621]), array([0.01202378, 0.00893947, 0.00751052, 0.00681827, 0.00640547,
       0.00610109, 0.00583598, 0.00558609, 0.00535926, 0.00516562,
       0.00499827, 0.00484843, 0.00470577, 0.00456237, 0.0044115 ,
       0.00425596, 0.00409971, 0.00394301, 0.00378703, 0.00364125,
       0.00349982, 0.00336107, 0.00322276, 0.00308131, 0.00293698,
       0.00279334, 0.00265655, 0.00253155, 0.002417  , 0.0023128 ,
       0.00221809, 0.00213311, 0.0020579 , 0.00199153, 0.00193305,
       0.00188236, 0.00183837, 0.00180084, 0.00176848, 0.00174135,
       0.00171877, 0.00170005, 0.00168495, 0.00167265, 0.00166274,
       0.00165504, 0.00164877, 0.00164384, 0.00164007, 0.00163705,
       0.00163459, 0.00163273, 0.0016314 , 0.00163038, 0.0016295 ,
       0.00162879, 0.00162817, 0.00162764, 0.00162729, 0.00162702,
       0.00162682, 0.00162667, 0.00162656, 0.00162647, 0.0016264 ,
       0.00162635, 0.00162631, 0.00162628, 0.00162625, 0.00162623,
       0.00162622, 0.00162621]), array([0.01202378, 0.00893947, 0.00751052, 0.00681827, 0.00640547,
       0.00610109, 0.00583598, 0.00558609, 0.00535926, 0.00516562,
       0.00499827, 0.00484843, 0.00470577, 0.00456237, 0.0044115 ,
       0.00425596, 0.00409971, 0.00394301, 0.00378703, 0.00364125,
       0.00349982, 0.00336107, 0.00322276, 0.00308131, 0.00293698,
       0.00279334, 0.00265655, 0.00253155, 0.002417  , 0.0023128 ,
       0.00221809, 0.00213311, 0.0020579 , 0.00199153, 0.00193305,
       0.00188236, 0.00183837, 0.00180084, 0.00176848, 0.00174135,
       0.00171877, 0.00170005, 0.00168495, 0.00167265, 0.00166274,
       0.00165504, 0.00164877, 0.00164384, 0.00164007, 0.00163705,
       0.00163459, 0.00163273, 0.0016314 , 0.00163038, 0.0016295 ,
       0.00162879, 0.00162817, 0.00162764, 0.00162729, 0.00162702,
       0.00162682, 0.00162667, 0.00162656, 0.00162647, 0.0016264 ,
       0.00162635, 0.00162631, 0.00162628, 0.00162625, 0.00162623,
       0.00162622, 0.00162621]), array([0.01202378, 0.00893949, 0.00751052, 0.00681827, 0.00640547,
       0.00610109, 0.00583598, 0.00558609, 0.00535926, 0.00516562,
       0.00499827, 0.00484843, 0.00470577, 0.00456237, 0.0044115 ,
       0.00425596, 0.00409971, 0.00394301, 0.00378703, 0.00364125,
       0.00349982, 0.00336107, 0.00322276, 0.00308131, 0.00293698,
       0.00279334, 0.00265655, 0.00253155, 0.002417  , 0.0023128 ,
       0.00221809, 0.00213311, 0.0020579 , 0.00199153, 0.00193305,
       0.00188236, 0.00183837, 0.00180084, 0.00176848, 0.00174135,
       0.00171877, 0.00170005, 0.00168495, 0.00167265, 0.00166274,
       0.00165504, 0.00164877, 0.00164384, 0.00164007, 0.00163705,
       0.00163459, 0.00163273, 0.0016314 , 0.00163038, 0.0016295 ,
       0.00162879, 0.00162817, 0.00162764, 0.00162729, 0.00162702,
       0.00162682, 0.00162667, 0.00162656, 0.00162647, 0.0016264 ,
       0.00162635, 0.00162631, 0.00162628, 0.00162625, 0.00162623,
       0.00162622, 0.00162621]), array([0.01202378, 0.00893947, 0.00751052, 0.00681827, 0.00640547,
       0.00610109, 0.00583598, 0.00558609, 0.00535926, 0.00516562,
       0.00499827, 0.00484843, 0.00470577, 0.00456237, 0.0044115 ,
       0.00425596, 0.00409971, 0.00394301, 0.00378703, 0.00364125,
       0.00349982, 0.00336107, 0.00322276, 0.00308131, 0.00293698,
       0.00279334, 0.00265655, 0.00253155, 0.002417  , 0.0023128 ,
       0.00221809, 0.00213311, 0.0020579 , 0.00199153, 0.00193305,
       0.00188236, 0.00183837, 0.00180084, 0.00176848, 0.00174135,
       0.00171877, 0.00170005, 0.00168495, 0.00167265, 0.00166274,
       0.00165504, 0.00164877, 0.00164384, 0.00164007, 0.00163705,
       0.00163459, 0.00163273, 0.0016314 , 0.00163038, 0.0016295 ,
       0.00162879, 0.00162817, 0.00162764, 0.00162729, 0.00162702,
       0.00162682, 0.00162667, 0.00162656, 0.00162647, 0.0016264 ,
       0.00162635, 0.00162631, 0.00162628, 0.00162625, 0.00162623,
       0.00162622, 0.00162621]), array([0.01202378, 0.0089395 , 0.00751052, 0.00681827, 0.00640547,
       0.00610109, 0.00583598, 0.00558609, 0.00535926, 0.00516562,
       0.00499827, 0.00484843, 0.00470577, 0.00456237, 0.0044115 ,
       0.00425596, 0.00409971, 0.00394301, 0.00378703, 0.00364125,
       0.00349982, 0.00336107, 0.00322276, 0.00308131, 0.00293698,
       0.00279334, 0.00265655, 0.00253155, 0.002417  , 0.0023128 ,
       0.00221809, 0.00213311, 0.0020579 , 0.00199153, 0.00193305,
       0.00188236, 0.00183837, 0.00180084, 0.00176848, 0.00174135,
       0.00171877, 0.00170005, 0.00168495, 0.00167265, 0.00166274,
       0.00165504, 0.00164877, 0.00164384, 0.00164007, 0.00163705,
       0.00163459, 0.00163273, 0.0016314 , 0.00163038, 0.0016295 ,
       0.00162879, 0.00162817, 0.00162764, 0.00162729, 0.00162702,
       0.00162682, 0.00162667, 0.00162656, 0.00162647, 0.0016264 ,
       0.00162635, 0.00162631, 0.00162628, 0.00162625, 0.00162623,
       0.00162622, 0.00162621]), array([0.01202378, 0.0089395 , 0.00751052, 0.00681827, 0.00640547,
       0.00610109, 0.00583598, 0.00558609, 0.00535926, 0.00516562,
       0.00499827, 0.00484843, 0.00470577, 0.00456237, 0.0044115 ,
       0.00425596, 0.00409971, 0.00394301, 0.00378703, 0.00364125,
       0.00349982, 0.00336107, 0.00322276, 0.00308131, 0.00293698,
       0.00279334, 0.00265655, 0.00253155, 0.002417  , 0.0023128 ,
       0.00221809, 0.00213311, 0.0020579 , 0.00199153, 0.00193305,
       0.00188236, 0.00183837, 0.00180084, 0.00176848, 0.00174135,
       0.00171877, 0.00170005, 0.00168495, 0.00167265, 0.00166274,
       0.00165504, 0.00164877, 0.00164384, 0.00164007, 0.00163705,
       0.00163459, 0.00163273, 0.0016314 , 0.00163038, 0.0016295 ,
       0.00162879, 0.00162817, 0.00162764, 0.00162729, 0.00162702,
       0.00162682, 0.00162667, 0.00162656, 0.00162647, 0.0016264 ,
       0.00162635, 0.00162631, 0.00162628, 0.00162625, 0.00162623,
       0.00162622, 0.00162621]), array([0.01202378, 0.00893948, 0.00751052, 0.00681827, 0.00640547,
       0.00610109, 0.00583598, 0.00558609, 0.00535926, 0.00516562,
       0.00499827, 0.00484843, 0.00470577, 0.00456237, 0.0044115 ,
       0.00425596, 0.00409971, 0.00394301, 0.00378703, 0.00364125,
       0.00349982, 0.00336107, 0.00322276, 0.00308131, 0.00293698,
       0.00279334, 0.00265655, 0.00253155, 0.002417  , 0.0023128 ,
       0.00221809, 0.00213311, 0.0020579 , 0.00199153, 0.00193305,
       0.00188236, 0.00183837, 0.00180084, 0.00176848, 0.00174135,
       0.00171877, 0.00170005, 0.00168495, 0.00167265, 0.00166274,
       0.00165504, 0.00164877, 0.00164384, 0.00164007, 0.00163705,
       0.00163459, 0.00163273, 0.0016314 , 0.00163038, 0.0016295 ,
       0.00162879, 0.00162817, 0.00162764, 0.00162729, 0.00162702,
       0.00162682, 0.00162667, 0.00162656, 0.00162647, 0.0016264 ,
       0.00162635, 0.00162631, 0.00162628, 0.00162625, 0.00162623,
       0.00162622, 0.00162621]), array([0.01202378, 0.00893948, 0.00751052, 0.00681827, 0.00640547,
       0.00610109, 0.00583598, 0.00558609, 0.00535926, 0.00516562,
       0.00499827, 0.00484843, 0.00470577, 0.00456237, 0.0044115 ,
       0.00425596, 0.00409971, 0.00394301, 0.00378703, 0.00364125,
       0.00349982, 0.00336107, 0.00322276, 0.00308131, 0.00293698,
       0.00279334, 0.00265655, 0.00253155, 0.002417  , 0.0023128 ,
       0.00221809, 0.00213311, 0.0020579 , 0.00199153, 0.00193305,
       0.00188236, 0.00183837, 0.00180084, 0.00176848, 0.00174135,
       0.00171877, 0.00170005, 0.00168495, 0.00167265, 0.00166274,
       0.00165504, 0.00164877, 0.00164384, 0.00164007, 0.00163705,
       0.00163459, 0.00163273, 0.0016314 , 0.00163038, 0.0016295 ,
       0.00162879, 0.00162817, 0.00162764, 0.00162729, 0.00162702,
       0.00162682, 0.00162667, 0.00162656, 0.00162647, 0.0016264 ,
       0.00162635, 0.00162631, 0.00162628, 0.00162625, 0.00162623,
       0.00162622, 0.00162621]), array([0.01202378, 0.00893945, 0.00751052, 0.00681827, 0.00640547,
       0.00610108, 0.00583598, 0.00558609, 0.00535926, 0.00516562,
       0.00499827, 0.00484843, 0.00470577, 0.00456237, 0.0044115 ,
       0.00425596, 0.00409971, 0.00394301, 0.00378703, 0.00364125,
       0.00349982, 0.00336107, 0.00322276, 0.00308131, 0.00293698,
       0.00279334, 0.00265655, 0.00253155, 0.002417  , 0.0023128 ,
       0.00221809, 0.00213311, 0.0020579 , 0.00199153, 0.00193305,
       0.00188236, 0.00183837, 0.00180084, 0.00176848, 0.00174135,
       0.00171877, 0.00170005, 0.00168495, 0.00167265, 0.00166274,
       0.00165504, 0.00164877, 0.00164384, 0.00164007, 0.00163705,
       0.00163459, 0.00163273, 0.0016314 , 0.00163038, 0.0016295 ,
       0.00162879, 0.00162817, 0.00162764, 0.00162729, 0.00162702,
       0.00162682, 0.00162667, 0.00162656, 0.00162647, 0.0016264 ,
       0.00162635, 0.00162631, 0.00162628, 0.00162625, 0.00162623,
       0.00162622, 0.00162621]), array([0.01202378, 0.0089395 , 0.00751052, 0.00681827, 0.00640547,
       0.00610109, 0.00583598, 0.00558609, 0.00535926, 0.00516562,
       0.00499827, 0.00484843, 0.00470577, 0.00456237, 0.0044115 ,
       0.00425596, 0.00409971, 0.00394301, 0.00378703, 0.00364125,
       0.00349982, 0.00336107, 0.00322276, 0.00308131, 0.00293698,
       0.00279334, 0.00265655, 0.00253155, 0.002417  , 0.0023128 ,
       0.00221809, 0.00213311, 0.0020579 , 0.00199153, 0.00193305,
       0.00188236, 0.00183837, 0.00180084, 0.00176848, 0.00174135,
       0.00171877, 0.00170005, 0.00168495, 0.00167265, 0.00166274,
       0.00165504, 0.00164877, 0.00164384, 0.00164007, 0.00163705,
       0.00163459, 0.00163273, 0.0016314 , 0.00163038, 0.0016295 ,
       0.00162879, 0.00162817, 0.00162764, 0.00162729, 0.00162702,
       0.00162682, 0.00162667, 0.00162656, 0.00162647, 0.0016264 ,
       0.00162635, 0.00162631, 0.00162628, 0.00162625, 0.00162623,
       0.00162622, 0.00162621])]

Noise: 0.5
Total times: [236.31688022613525, 228.95479917526245, 228.85953736305237, 229.3219952583313, 227.6864035129547, 227.82563710212708, 229.72973322868347, 227.7981014251709, 233.24363899230957, 234.87523221969604, 232.42192482948303, 228.62322974205017, 227.76574897766113, 227.36140155792236, 227.293621301651, 227.71932744979858, 238.31347107887268, 227.53643321990967, 227.65726590156555, 228.0314817428589, 227.8027937412262, 228.22518491744995, 230.39213132858276, 227.90460562705994, 227.5436601638794]
Total rms: [array([0.01202378, 0.00893948, 0.00751052, 0.00681827, 0.00640547,
       0.00610109, 0.00583598, 0.00558609, 0.00535926, 0.00516562,
       0.00499827, 0.00484843, 0.00470577, 0.00456237, 0.0044115 ,
       0.00425596, 0.00409971, 0.00394301, 0.00378703, 0.00364125,
       0.00349982, 0.00336107, 0.00322276, 0.00308131, 0.00293698,
       0.00279334, 0.00265655, 0.00253155, 0.002417  , 0.0023128 ,
       0.00221809, 0.00213311, 0.0020579 , 0.00199153, 0.00193305,
       0.00188236, 0.00183837, 0.00180084, 0.00176848, 0.00174135,
       0.00171877, 0.00170005, 0.00168495, 0.00167265, 0.00166274,
       0.00165504, 0.00164877, 0.00164384, 0.00164007, 0.00163705,
       0.00163459, 0.00163273, 0.0016314 , 0.00163038, 0.0016295 ,
       0.00162879, 0.00162817, 0.00162764, 0.00162729, 0.00162702,
       0.00162682, 0.00162667, 0.00162656, 0.00162647, 0.0016264 ,
       0.00162635, 0.00162631, 0.00162628, 0.00162625, 0.00162623,
       0.00162622, 0.00162621]), array([0.01202378, 0.00893949, 0.00751052, 0.00681827, 0.00640547,
       0.00610109, 0.00583598, 0.00558609, 0.00535926, 0.00516562,
       0.00499827, 0.00484843, 0.00470577, 0.00456237, 0.0044115 ,
       0.00425596, 0.00409971, 0.00394301, 0.00378703, 0.00364125,
       0.00349982, 0.00336107, 0.00322276, 0.00308131, 0.00293698,
       0.00279334, 0.00265655, 0.00253155, 0.002417  , 0.0023128 ,
       0.00221809, 0.00213311, 0.0020579 , 0.00199153, 0.00193305,
       0.00188236, 0.00183837, 0.00180084, 0.00176848, 0.00174135,
       0.00171877, 0.00170005, 0.00168495, 0.00167265, 0.00166274,
       0.00165504, 0.00164877, 0.00164384, 0.00164007, 0.00163705,
       0.00163459, 0.00163273, 0.0016314 , 0.00163038, 0.0016295 ,
       0.00162879, 0.00162817, 0.00162764, 0.00162729, 0.00162702,
       0.00162682, 0.00162667, 0.00162656, 0.00162647, 0.0016264 ,
       0.00162635, 0.00162631, 0.00162628, 0.00162625, 0.00162623,
       0.00162622, 0.00162621]), array([0.01202378, 0.00893948, 0.00751052, 0.00681827, 0.00640547,
       0.00610109, 0.00583598, 0.00558609, 0.00535926, 0.00516562,
       0.00499827, 0.00484843, 0.00470577, 0.00456237, 0.0044115 ,
       0.00425596, 0.00409971, 0.00394301, 0.00378703, 0.00364125,
       0.00349982, 0.00336107, 0.00322276, 0.00308131, 0.00293698,
       0.00279334, 0.00265655, 0.00253155, 0.002417  , 0.0023128 ,
       0.00221809, 0.00213311, 0.0020579 , 0.00199153, 0.00193305,
       0.00188236, 0.00183837, 0.00180084, 0.00176848, 0.00174135,
       0.00171877, 0.00170005, 0.00168495, 0.00167265, 0.00166274,
       0.00165504, 0.00164877, 0.00164384, 0.00164007, 0.00163705,
       0.00163459, 0.00163273, 0.0016314 , 0.00163038, 0.0016295 ,
       0.00162879, 0.00162817, 0.00162764, 0.00162729, 0.00162702,
       0.00162682, 0.00162667, 0.00162656, 0.00162647, 0.0016264 ,
       0.00162635, 0.00162631, 0.00162628, 0.00162625, 0.00162623,
       0.00162622, 0.00162621]), array([0.01202378, 0.00893948, 0.00751052, 0.00681827, 0.00640547,
       0.00610109, 0.00583598, 0.00558609, 0.00535926, 0.00516562,
       0.00499827, 0.00484843, 0.00470577, 0.00456237, 0.0044115 ,
       0.00425596, 0.00409971, 0.00394301, 0.00378703, 0.00364125,
       0.00349982, 0.00336107, 0.00322276, 0.00308131, 0.00293698,
       0.00279334, 0.00265655, 0.00253155, 0.002417  , 0.0023128 ,
       0.00221809, 0.00213311, 0.0020579 , 0.00199153, 0.00193305,
       0.00188236, 0.00183837, 0.00180084, 0.00176848, 0.00174135,
       0.00171877, 0.00170005, 0.00168495, 0.00167265, 0.00166274,
       0.00165504, 0.00164877, 0.00164384, 0.00164007, 0.00163705,
       0.00163459, 0.00163273, 0.0016314 , 0.00163038, 0.0016295 ,
       0.00162879, 0.00162817, 0.00162764, 0.00162729, 0.00162702,
       0.00162682, 0.00162667, 0.00162656, 0.00162647, 0.0016264 ,
       0.00162635, 0.00162631, 0.00162628, 0.00162625, 0.00162623,
       0.00162622, 0.00162621]), array([0.01202378, 0.00893948, 0.00751052, 0.00681827, 0.00640547,
       0.00610109, 0.00583598, 0.00558609, 0.00535926, 0.00516562,
       0.00499827, 0.00484843, 0.00470577, 0.00456237, 0.0044115 ,
       0.00425596, 0.00409971, 0.00394301, 0.00378703, 0.00364125,
       0.00349982, 0.00336107, 0.00322276, 0.00308131, 0.00293698,
       0.00279334, 0.00265655, 0.00253155, 0.002417  , 0.0023128 ,
       0.00221809, 0.00213311, 0.0020579 , 0.00199153, 0.00193305,
       0.00188236, 0.00183837, 0.00180084, 0.00176848, 0.00174135,
       0.00171877, 0.00170005, 0.00168495, 0.00167265, 0.00166274,
       0.00165504, 0.00164877, 0.00164384, 0.00164007, 0.00163705,
       0.00163459, 0.00163273, 0.0016314 , 0.00163038, 0.0016295 ,
       0.00162879, 0.00162817, 0.00162764, 0.00162729, 0.00162702,
       0.00162682, 0.00162667, 0.00162656, 0.00162647, 0.0016264 ,
       0.00162635, 0.00162631, 0.00162628, 0.00162625, 0.00162623,
       0.00162622, 0.00162621]), array([0.01202378, 0.00893949, 0.00751052, 0.00681827, 0.00640547,
       0.00610109, 0.00583598, 0.00558609, 0.00535926, 0.00516562,
       0.00499827, 0.00484843, 0.00470577, 0.00456237, 0.0044115 ,
       0.00425596, 0.00409971, 0.00394301, 0.00378703, 0.00364125,
       0.00349982, 0.00336107, 0.00322276, 0.00308131, 0.00293698,
       0.00279334, 0.00265655, 0.00253155, 0.002417  , 0.0023128 ,
       0.00221809, 0.00213311, 0.0020579 , 0.00199153, 0.00193305,
       0.00188236, 0.00183837, 0.00180084, 0.00176848, 0.00174135,
       0.00171877, 0.00170005, 0.00168495, 0.00167265, 0.00166274,
       0.00165504, 0.00164877, 0.00164384, 0.00164007, 0.00163705,
       0.00163459, 0.00163273, 0.0016314 , 0.00163038, 0.0016295 ,
       0.00162879, 0.00162817, 0.00162764, 0.00162729, 0.00162702,
       0.00162682, 0.00162667, 0.00162656, 0.00162647, 0.0016264 ,
       0.00162635, 0.00162631, 0.00162628, 0.00162625, 0.00162623,
       0.00162622, 0.00162621]), array([0.01202378, 0.0089395 , 0.00751052, 0.00681827, 0.00640547,
       0.00610109, 0.00583598, 0.00558609, 0.00535926, 0.00516562,
       0.00499827, 0.00484843, 0.00470577, 0.00456237, 0.0044115 ,
       0.00425596, 0.00409971, 0.00394301, 0.00378703, 0.00364125,
       0.00349982, 0.00336107, 0.00322276, 0.00308131, 0.00293698,
       0.00279334, 0.00265655, 0.00253155, 0.002417  , 0.0023128 ,
       0.00221809, 0.00213311, 0.0020579 , 0.00199153, 0.00193305,
       0.00188236, 0.00183837, 0.00180084, 0.00176848, 0.00174135,
       0.00171877, 0.00170005, 0.00168495, 0.00167265, 0.00166274,
       0.00165504, 0.00164877, 0.00164384, 0.00164007, 0.00163705,
       0.00163459, 0.00163273, 0.0016314 , 0.00163038, 0.0016295 ,
       0.00162879, 0.00162817, 0.00162764, 0.00162729, 0.00162702,
       0.00162682, 0.00162667, 0.00162656, 0.00162647, 0.0016264 ,
       0.00162635, 0.00162631, 0.00162628, 0.00162625, 0.00162623,
       0.00162622, 0.00162621]), array([0.01202378, 0.00893951, 0.00751052, 0.00681827, 0.00640547,
       0.00610109, 0.00583598, 0.00558609, 0.00535926, 0.00516562,
       0.00499827, 0.00484843, 0.00470577, 0.00456237, 0.0044115 ,
       0.00425596, 0.00409971, 0.00394301, 0.00378703, 0.00364125,
       0.00349982, 0.00336107, 0.00322276, 0.00308131, 0.00293698,
       0.00279334, 0.00265655, 0.00253155, 0.002417  , 0.0023128 ,
       0.00221809, 0.00213311, 0.0020579 , 0.00199153, 0.00193305,
       0.00188236, 0.00183837, 0.00180084, 0.00176848, 0.00174135,
       0.00171877, 0.00170005, 0.00168495, 0.00167265, 0.00166274,
       0.00165504, 0.00164877, 0.00164384, 0.00164007, 0.00163705,
       0.00163459, 0.00163273, 0.0016314 , 0.00163038, 0.0016295 ,
       0.00162879, 0.00162817, 0.00162764, 0.00162729, 0.00162702,
       0.00162682, 0.00162667, 0.00162656, 0.00162647, 0.0016264 ,
       0.00162635, 0.00162631, 0.00162628, 0.00162625, 0.00162623,
       0.00162622, 0.00162621]), array([0.01202378, 0.00893947, 0.00751052, 0.00681827, 0.00640547,
       0.00610109, 0.00583598, 0.00558609, 0.00535926, 0.00516562,
       0.00499827, 0.00484843, 0.00470577, 0.00456237, 0.0044115 ,
       0.00425596, 0.00409971, 0.00394301, 0.00378703, 0.00364125,
       0.00349982, 0.00336107, 0.00322276, 0.00308131, 0.00293698,
       0.00279334, 0.00265655, 0.00253155, 0.002417  , 0.0023128 ,
       0.00221809, 0.00213311, 0.0020579 , 0.00199153, 0.00193305,
       0.00188236, 0.00183837, 0.00180084, 0.00176848, 0.00174135,
       0.00171877, 0.00170005, 0.00168495, 0.00167265, 0.00166274,
       0.00165504, 0.00164877, 0.00164384, 0.00164007, 0.00163705,
       0.00163459, 0.00163273, 0.0016314 , 0.00163038, 0.0016295 ,
       0.00162879, 0.00162817, 0.00162764, 0.00162729, 0.00162702,
       0.00162682, 0.00162667, 0.00162656, 0.00162647, 0.0016264 ,
       0.00162635, 0.00162631, 0.00162628, 0.00162625, 0.00162623,
       0.00162622, 0.00162621]), array([0.01202378, 0.00893948, 0.00751052, 0.00681827, 0.00640547,
       0.00610109, 0.00583598, 0.00558609, 0.00535926, 0.00516562,
       0.00499827, 0.00484843, 0.00470577, 0.00456237, 0.0044115 ,
       0.00425596, 0.00409971, 0.00394301, 0.00378703, 0.00364125,
       0.00349982, 0.00336107, 0.00322276, 0.00308131, 0.00293698,
       0.00279334, 0.00265655, 0.00253155, 0.002417  , 0.0023128 ,
       0.00221809, 0.00213311, 0.0020579 , 0.00199153, 0.00193305,
       0.00188236, 0.00183837, 0.00180084, 0.00176848, 0.00174135,
       0.00171877, 0.00170005, 0.00168495, 0.00167265, 0.00166274,
       0.00165504, 0.00164877, 0.00164384, 0.00164007, 0.00163705,
       0.00163459, 0.00163273, 0.0016314 , 0.00163038, 0.0016295 ,
       0.00162879, 0.00162817, 0.00162764, 0.00162729, 0.00162702,
       0.00162682, 0.00162667, 0.00162656, 0.00162647, 0.0016264 ,
       0.00162635, 0.00162631, 0.00162628, 0.00162625, 0.00162623,
       0.00162622, 0.00162621]), array([0.01202378, 0.00893952, 0.00751053, 0.00681827, 0.00640547,
       0.00610109, 0.00583598, 0.00558609, 0.00535926, 0.00516562,
       0.00499827, 0.00484843, 0.00470577, 0.00456237, 0.0044115 ,
       0.00425596, 0.00409971, 0.00394301, 0.00378703, 0.00364125,
       0.00349982, 0.00336107, 0.00322276, 0.00308131, 0.00293698,
       0.00279334, 0.00265655, 0.00253155, 0.002417  , 0.0023128 ,
       0.00221809, 0.00213311, 0.0020579 , 0.00199153, 0.00193305,
       0.00188236, 0.00183837, 0.00180084, 0.00176848, 0.00174135,
       0.00171877, 0.00170005, 0.00168495, 0.00167265, 0.00166274,
       0.00165504, 0.00164877, 0.00164384, 0.00164007, 0.00163705,
       0.00163459, 0.00163273, 0.0016314 , 0.00163038, 0.0016295 ,
       0.00162879, 0.00162817, 0.00162764, 0.00162729, 0.00162702,
       0.00162682, 0.00162667, 0.00162656, 0.00162647, 0.0016264 ,
       0.00162635, 0.00162631, 0.00162628, 0.00162625, 0.00162623,
       0.00162622, 0.00162621]), array([0.01202378, 0.0089395 , 0.00751052, 0.00681827, 0.00640547,
       0.00610109, 0.00583598, 0.00558609, 0.00535926, 0.00516562,
       0.00499827, 0.00484843, 0.00470577, 0.00456237, 0.0044115 ,
       0.00425596, 0.00409971, 0.00394301, 0.00378703, 0.00364125,
       0.00349982, 0.00336107, 0.00322276, 0.00308131, 0.00293698,
       0.00279334, 0.00265655, 0.00253155, 0.002417  , 0.0023128 ,
       0.00221809, 0.00213311, 0.0020579 , 0.00199153, 0.00193305,
       0.00188236, 0.00183837, 0.00180084, 0.00176848, 0.00174135,
       0.00171877, 0.00170005, 0.00168495, 0.00167265, 0.00166274,
       0.00165504, 0.00164877, 0.00164384, 0.00164007, 0.00163705,
       0.00163459, 0.00163273, 0.0016314 , 0.00163038, 0.0016295 ,
       0.00162879, 0.00162817, 0.00162764, 0.00162729, 0.00162702,
       0.00162682, 0.00162667, 0.00162656, 0.00162647, 0.0016264 ,
       0.00162635, 0.00162631, 0.00162628, 0.00162625, 0.00162623,
       0.00162622, 0.00162621]), array([0.01202378, 0.00893947, 0.00751052, 0.00681827, 0.00640547,
       0.00610109, 0.00583598, 0.00558609, 0.00535926, 0.00516562,
       0.00499827, 0.00484843, 0.00470577, 0.00456237, 0.0044115 ,
       0.00425596, 0.00409971, 0.00394301, 0.00378703, 0.00364125,
       0.00349982, 0.00336107, 0.00322276, 0.00308131, 0.00293698,
       0.00279334, 0.00265655, 0.00253155, 0.002417  , 0.0023128 ,
       0.00221809, 0.00213311, 0.0020579 , 0.00199153, 0.00193305,
       0.00188236, 0.00183837, 0.00180084, 0.00176848, 0.00174135,
       0.00171877, 0.00170005, 0.00168495, 0.00167265, 0.00166274,
       0.00165504, 0.00164877, 0.00164384, 0.00164007, 0.00163705,
       0.00163459, 0.00163273, 0.0016314 , 0.00163038, 0.0016295 ,
       0.00162879, 0.00162817, 0.00162764, 0.00162729, 0.00162702,
       0.00162682, 0.00162667, 0.00162656, 0.00162647, 0.0016264 ,
       0.00162635, 0.00162631, 0.00162628, 0.00162625, 0.00162623,
       0.00162622, 0.00162621]), array([0.01202378, 0.0089395 , 0.00751052, 0.00681827, 0.00640547,
       0.00610109, 0.00583598, 0.00558609, 0.00535926, 0.00516562,
       0.00499827, 0.00484843, 0.00470577, 0.00456237, 0.0044115 ,
       0.00425596, 0.00409971, 0.00394301, 0.00378703, 0.00364125,
       0.00349982, 0.00336107, 0.00322276, 0.00308131, 0.00293698,
       0.00279334, 0.00265655, 0.00253155, 0.002417  , 0.0023128 ,
       0.00221809, 0.00213311, 0.0020579 , 0.00199153, 0.00193305,
       0.00188236, 0.00183837, 0.00180084, 0.00176848, 0.00174135,
       0.00171877, 0.00170005, 0.00168495, 0.00167265, 0.00166274,
       0.00165504, 0.00164877, 0.00164384, 0.00164007, 0.00163705,
       0.00163459, 0.00163273, 0.0016314 , 0.00163038, 0.0016295 ,
       0.00162879, 0.00162817, 0.00162764, 0.00162729, 0.00162702,
       0.00162682, 0.00162667, 0.00162656, 0.00162647, 0.0016264 ,
       0.00162635, 0.00162631, 0.00162628, 0.00162625, 0.00162623,
       0.00162622, 0.00162621]), array([0.01202378, 0.00893949, 0.00751052, 0.00681827, 0.00640547,
       0.00610109, 0.00583598, 0.00558609, 0.00535926, 0.00516562,
       0.00499827, 0.00484843, 0.00470577, 0.00456237, 0.0044115 ,
       0.00425596, 0.00409971, 0.00394301, 0.00378703, 0.00364125,
       0.00349982, 0.00336107, 0.00322276, 0.00308131, 0.00293698,
       0.00279334, 0.00265655, 0.00253155, 0.002417  , 0.0023128 ,
       0.00221809, 0.00213311, 0.0020579 , 0.00199153, 0.00193305,
       0.00188236, 0.00183837, 0.00180084, 0.00176848, 0.00174135,
       0.00171877, 0.00170005, 0.00168495, 0.00167265, 0.00166274,
       0.00165504, 0.00164877, 0.00164384, 0.00164007, 0.00163705,
       0.00163459, 0.00163273, 0.0016314 , 0.00163038, 0.0016295 ,
       0.00162879, 0.00162817, 0.00162764, 0.00162729, 0.00162702,
       0.00162682, 0.00162667, 0.00162656, 0.00162647, 0.0016264 ,
       0.00162635, 0.00162631, 0.00162628, 0.00162625, 0.00162623,
       0.00162622, 0.00162621]), array([0.01202378, 0.00893951, 0.00751053, 0.00681827, 0.00640547,
       0.00610109, 0.00583598, 0.00558609, 0.00535926, 0.00516562,
       0.00499827, 0.00484843, 0.00470577, 0.00456237, 0.0044115 ,
       0.00425596, 0.00409971, 0.00394301, 0.00378703, 0.00364125,
       0.00349982, 0.00336107, 0.00322276, 0.00308131, 0.00293698,
       0.00279334, 0.00265655, 0.00253155, 0.002417  , 0.0023128 ,
       0.00221809, 0.00213311, 0.0020579 , 0.00199153, 0.00193305,
       0.00188236, 0.00183837, 0.00180084, 0.00176848, 0.00174135,
       0.00171877, 0.00170005, 0.00168495, 0.00167265, 0.00166274,
       0.00165504, 0.00164877, 0.00164384, 0.00164007, 0.00163705,
       0.00163459, 0.00163273, 0.0016314 , 0.00163038, 0.0016295 ,
       0.00162879, 0.00162817, 0.00162764, 0.00162729, 0.00162702,
       0.00162682, 0.00162667, 0.00162656, 0.00162647, 0.0016264 ,
       0.00162635, 0.00162631, 0.00162628, 0.00162625, 0.00162623,
       0.00162622, 0.00162621]), array([0.01202378, 0.0089395 , 0.00751052, 0.00681827, 0.00640547,
       0.00610109, 0.00583598, 0.00558609, 0.00535926, 0.00516562,
       0.00499827, 0.00484843, 0.00470577, 0.00456237, 0.0044115 ,
       0.00425596, 0.00409971, 0.00394301, 0.00378703, 0.00364125,
       0.00349982, 0.00336107, 0.00322276, 0.00308131, 0.00293698,
       0.00279334, 0.00265655, 0.00253155, 0.002417  , 0.0023128 ,
       0.00221809, 0.00213311, 0.0020579 , 0.00199153, 0.00193305,
       0.00188236, 0.00183837, 0.00180084, 0.00176848, 0.00174135,
       0.00171877, 0.00170005, 0.00168495, 0.00167265, 0.00166274,
       0.00165504, 0.00164877, 0.00164384, 0.00164007, 0.00163705,
       0.00163459, 0.00163273, 0.0016314 , 0.00163038, 0.0016295 ,
       0.00162879, 0.00162817, 0.00162764, 0.00162729, 0.00162702,
       0.00162682, 0.00162667, 0.00162656, 0.00162647, 0.0016264 ,
       0.00162635, 0.00162631, 0.00162628, 0.00162625, 0.00162623,
       0.00162622, 0.00162621]), array([0.01202378, 0.00893949, 0.00751052, 0.00681827, 0.00640547,
       0.00610109, 0.00583598, 0.00558609, 0.00535926, 0.00516562,
       0.00499827, 0.00484843, 0.00470577, 0.00456237, 0.0044115 ,
       0.00425596, 0.00409971, 0.00394301, 0.00378703, 0.00364125,
       0.00349982, 0.00336107, 0.00322276, 0.00308131, 0.00293698,
       0.00279334, 0.00265655, 0.00253155, 0.002417  , 0.0023128 ,
       0.00221809, 0.00213311, 0.0020579 , 0.00199153, 0.00193305,
       0.00188236, 0.00183837, 0.00180084, 0.00176848, 0.00174135,
       0.00171877, 0.00170005, 0.00168495, 0.00167265, 0.00166274,
       0.00165504, 0.00164877, 0.00164384, 0.00164007, 0.00163705,
       0.00163459, 0.00163273, 0.0016314 , 0.00163038, 0.0016295 ,
       0.00162879, 0.00162817, 0.00162764, 0.00162729, 0.00162702,
       0.00162682, 0.00162667, 0.00162656, 0.00162647, 0.0016264 ,
       0.00162635, 0.00162631, 0.00162628, 0.00162625, 0.00162623,
       0.00162622, 0.00162621]), array([0.01202378, 0.00893949, 0.00751052, 0.00681827, 0.00640547,
       0.00610109, 0.00583598, 0.00558609, 0.00535926, 0.00516562,
       0.00499827, 0.00484843, 0.00470577, 0.00456237, 0.0044115 ,
       0.00425596, 0.00409971, 0.00394301, 0.00378703, 0.00364125,
       0.00349982, 0.00336107, 0.00322276, 0.00308131, 0.00293698,
       0.00279334, 0.00265655, 0.00253155, 0.002417  , 0.0023128 ,
       0.00221809, 0.00213311, 0.0020579 , 0.00199153, 0.00193305,
       0.00188236, 0.00183837, 0.00180084, 0.00176848, 0.00174135,
       0.00171877, 0.00170005, 0.00168495, 0.00167265, 0.00166274,
       0.00165504, 0.00164877, 0.00164384, 0.00164007, 0.00163705,
       0.00163459, 0.00163273, 0.0016314 , 0.00163038, 0.0016295 ,
       0.00162879, 0.00162817, 0.00162764, 0.00162729, 0.00162702,
       0.00162682, 0.00162667, 0.00162656, 0.00162647, 0.0016264 ,
       0.00162635, 0.00162631, 0.00162628, 0.00162625, 0.00162623,
       0.00162622, 0.00162621]), array([0.01202378, 0.00893949, 0.00751052, 0.00681827, 0.00640547,
       0.00610109, 0.00583598, 0.00558609, 0.00535926, 0.00516562,
       0.00499827, 0.00484843, 0.00470577, 0.00456237, 0.0044115 ,
       0.00425596, 0.00409971, 0.00394301, 0.00378703, 0.00364125,
       0.00349982, 0.00336107, 0.00322276, 0.00308131, 0.00293698,
       0.00279334, 0.00265655, 0.00253155, 0.002417  , 0.0023128 ,
       0.00221809, 0.00213311, 0.0020579 , 0.00199153, 0.00193305,
       0.00188236, 0.00183837, 0.00180084, 0.00176848, 0.00174135,
       0.00171877, 0.00170005, 0.00168495, 0.00167265, 0.00166274,
       0.00165504, 0.00164877, 0.00164384, 0.00164007, 0.00163705,
       0.00163459, 0.00163273, 0.0016314 , 0.00163038, 0.0016295 ,
       0.00162879, 0.00162817, 0.00162764, 0.00162729, 0.00162702,
       0.00162682, 0.00162667, 0.00162656, 0.00162647, 0.0016264 ,
       0.00162635, 0.00162631, 0.00162628, 0.00162625, 0.00162623,
       0.00162622, 0.00162621]), array([0.01202378, 0.0089395 , 0.00751052, 0.00681827, 0.00640547,
       0.00610109, 0.00583598, 0.00558609, 0.00535926, 0.00516562,
       0.00499827, 0.00484843, 0.00470577, 0.00456237, 0.0044115 ,
       0.00425596, 0.00409971, 0.00394301, 0.00378703, 0.00364125,
       0.00349982, 0.00336107, 0.00322276, 0.00308131, 0.00293698,
       0.00279334, 0.00265655, 0.00253155, 0.002417  , 0.0023128 ,
       0.00221809, 0.00213311, 0.0020579 , 0.00199153, 0.00193305,
       0.00188236, 0.00183837, 0.00180084, 0.00176848, 0.00174135,
       0.00171877, 0.00170005, 0.00168495, 0.00167265, 0.00166274,
       0.00165504, 0.00164877, 0.00164384, 0.00164007, 0.00163705,
       0.00163459, 0.00163273, 0.0016314 , 0.00163038, 0.0016295 ,
       0.00162879, 0.00162817, 0.00162764, 0.00162729, 0.00162702,
       0.00162682, 0.00162667, 0.00162656, 0.00162647, 0.0016264 ,
       0.00162635, 0.00162631, 0.00162628, 0.00162625, 0.00162623,
       0.00162622, 0.00162621]), array([0.01202378, 0.00893949, 0.00751052, 0.00681827, 0.00640547,
       0.00610109, 0.00583598, 0.00558609, 0.00535926, 0.00516562,
       0.00499827, 0.00484843, 0.00470577, 0.00456237, 0.0044115 ,
       0.00425596, 0.00409971, 0.00394301, 0.00378703, 0.00364125,
       0.00349982, 0.00336107, 0.00322276, 0.00308131, 0.00293698,
       0.00279334, 0.00265655, 0.00253155, 0.002417  , 0.0023128 ,
       0.00221809, 0.00213311, 0.0020579 , 0.00199153, 0.00193305,
       0.00188236, 0.00183837, 0.00180084, 0.00176848, 0.00174135,
       0.00171877, 0.00170005, 0.00168495, 0.00167265, 0.00166274,
       0.00165504, 0.00164877, 0.00164384, 0.00164007, 0.00163705,
       0.00163459, 0.00163273, 0.0016314 , 0.00163038, 0.0016295 ,
       0.00162879, 0.00162817, 0.00162764, 0.00162729, 0.00162702,
       0.00162682, 0.00162667, 0.00162656, 0.00162647, 0.0016264 ,
       0.00162635, 0.00162631, 0.00162628, 0.00162625, 0.00162623,
       0.00162622, 0.00162621]), array([0.01202378, 0.00893946, 0.00751052, 0.00681827, 0.00640547,
       0.00610108, 0.00583598, 0.00558609, 0.00535926, 0.00516562,
       0.00499827, 0.00484843, 0.00470577, 0.00456237, 0.0044115 ,
       0.00425596, 0.00409971, 0.00394301, 0.00378703, 0.00364125,
       0.00349982, 0.00336107, 0.00322276, 0.00308131, 0.00293698,
       0.00279334, 0.00265655, 0.00253155, 0.002417  , 0.0023128 ,
       0.00221809, 0.00213311, 0.0020579 , 0.00199153, 0.00193305,
       0.00188236, 0.00183837, 0.00180084, 0.00176848, 0.00174135,
       0.00171877, 0.00170005, 0.00168495, 0.00167265, 0.00166274,
       0.00165504, 0.00164877, 0.00164384, 0.00164007, 0.00163705,
       0.00163459, 0.00163273, 0.0016314 , 0.00163038, 0.0016295 ,
       0.00162879, 0.00162817, 0.00162764, 0.00162729, 0.00162702,
       0.00162682, 0.00162667, 0.00162656, 0.00162647, 0.0016264 ,
       0.00162635, 0.00162631, 0.00162628, 0.00162625, 0.00162623,
       0.00162622, 0.00162621]), array([0.01202378, 0.0089395 , 0.00751052, 0.00681827, 0.00640547,
       0.00610109, 0.00583598, 0.00558609, 0.00535926, 0.00516562,
       0.00499827, 0.00484843, 0.00470577, 0.00456237, 0.0044115 ,
       0.00425596, 0.00409971, 0.00394301, 0.00378703, 0.00364125,
       0.00349982, 0.00336107, 0.00322276, 0.00308131, 0.00293698,
       0.00279334, 0.00265655, 0.00253155, 0.002417  , 0.0023128 ,
       0.00221809, 0.00213311, 0.0020579 , 0.00199153, 0.00193305,
       0.00188236, 0.00183837, 0.00180084, 0.00176848, 0.00174135,
       0.00171877, 0.00170005, 0.00168495, 0.00167265, 0.00166274,
       0.00165504, 0.00164877, 0.00164384, 0.00164007, 0.00163705,
       0.00163459, 0.00163273, 0.0016314 , 0.00163038, 0.0016295 ,
       0.00162879, 0.00162817, 0.00162764, 0.00162729, 0.00162702,
       0.00162682, 0.00162667, 0.00162656, 0.00162647, 0.0016264 ,
       0.00162635, 0.00162631, 0.00162628, 0.00162625, 0.00162623,
       0.00162622, 0.00162621]), array([0.01202378, 0.00893952, 0.00751053, 0.00681827, 0.00640547,
       0.00610109, 0.00583598, 0.00558609, 0.00535926, 0.00516562,
       0.00499827, 0.00484843, 0.00470577, 0.00456237, 0.0044115 ,
       0.00425596, 0.00409971, 0.00394301, 0.00378703, 0.00364125,
       0.00349982, 0.00336107, 0.00322276, 0.00308131, 0.00293698,
       0.00279334, 0.00265655, 0.00253155, 0.002417  , 0.0023128 ,
       0.00221809, 0.00213311, 0.0020579 , 0.00199153, 0.00193305,
       0.00188236, 0.00183837, 0.00180084, 0.00176848, 0.00174135,
       0.00171877, 0.00170005, 0.00168495, 0.00167265, 0.00166274,
       0.00165504, 0.00164877, 0.00164384, 0.00164007, 0.00163705,
       0.00163459, 0.00163273, 0.0016314 , 0.00163038, 0.0016295 ,
       0.00162879, 0.00162817, 0.00162764, 0.00162729, 0.00162702,
       0.00162682, 0.00162667, 0.00162656, 0.00162647, 0.0016264 ,
       0.00162635, 0.00162631, 0.00162628, 0.00162625, 0.00162623,
       0.00162622, 0.00162621])]

Noise: 0.75
Total times: [226.99606919288635, 227.12951683998108, 227.3054530620575, 228.71308541297913, 227.08646965026855, 227.29978585243225, 227.01969194412231, 227.11012148857117, 227.16184091567993, 227.5510802268982, 227.05168199539185, 227.58701372146606, 226.73756504058838, 229.38581609725952, 227.27333807945251, 226.77927327156067, 227.10358834266663, 227.46541929244995, 227.60800957679749, 227.40810322761536, 227.2684245109558, 227.2131404876709, 227.35503482818604, 227.0845489501953, 226.7338583469391]
Total rms: [array([0.01202378, 0.00893948, 0.00751052, 0.00681827, 0.00640547,
       0.00610109, 0.00583598, 0.00558609, 0.00535926, 0.00516562,
       0.00499827, 0.00484843, 0.00470577, 0.00456237, 0.0044115 ,
       0.00425596, 0.00409971, 0.00394301, 0.00378703, 0.00364125,
       0.00349982, 0.00336107, 0.00322276, 0.00308131, 0.00293698,
       0.00279334, 0.00265655, 0.00253155, 0.002417  , 0.0023128 ,
       0.00221809, 0.00213311, 0.0020579 , 0.00199153, 0.00193305,
       0.00188236, 0.00183837, 0.00180084, 0.00176848, 0.00174135,
       0.00171877, 0.00170005, 0.00168495, 0.00167265, 0.00166274,
       0.00165504, 0.00164877, 0.00164384, 0.00164007, 0.00163705,
       0.00163459, 0.00163273, 0.0016314 , 0.00163038, 0.0016295 ,
       0.00162879, 0.00162817, 0.00162764, 0.00162729, 0.00162702,
       0.00162682, 0.00162667, 0.00162656, 0.00162647, 0.0016264 ,
       0.00162635, 0.00162631, 0.00162628, 0.00162625, 0.00162623,
       0.00162622, 0.00162621]), array([0.01202378, 0.0089395 , 0.00751052, 0.00681827, 0.00640547,
       0.00610109, 0.00583598, 0.00558609, 0.00535926, 0.00516562,
       0.00499827, 0.00484843, 0.00470577, 0.00456237, 0.0044115 ,
       0.00425596, 0.00409971, 0.00394301, 0.00378703, 0.00364125,
       0.00349982, 0.00336107, 0.00322276, 0.00308131, 0.00293698,
       0.00279334, 0.00265655, 0.00253155, 0.002417  , 0.0023128 ,
       0.00221809, 0.00213311, 0.0020579 , 0.00199153, 0.00193305,
       0.00188236, 0.00183837, 0.00180084, 0.00176848, 0.00174135,
       0.00171877, 0.00170005, 0.00168495, 0.00167265, 0.00166274,
       0.00165504, 0.00164877, 0.00164384, 0.00164007, 0.00163705,
       0.00163459, 0.00163273, 0.0016314 , 0.00163038, 0.0016295 ,
       0.00162879, 0.00162817, 0.00162764, 0.00162729, 0.00162702,
       0.00162682, 0.00162667, 0.00162656, 0.00162647, 0.0016264 ,
       0.00162635, 0.00162631, 0.00162628, 0.00162625, 0.00162623,
       0.00162622, 0.00162621]), array([0.01202378, 0.0089395 , 0.00751052, 0.00681827, 0.00640547,
       0.00610109, 0.00583598, 0.00558609, 0.00535926, 0.00516562,
       0.00499827, 0.00484843, 0.00470577, 0.00456237, 0.0044115 ,
       0.00425596, 0.00409971, 0.00394301, 0.00378703, 0.00364125,
       0.00349982, 0.00336107, 0.00322276, 0.00308131, 0.00293698,
       0.00279334, 0.00265655, 0.00253155, 0.002417  , 0.0023128 ,
       0.00221809, 0.00213311, 0.0020579 , 0.00199153, 0.00193305,
       0.00188236, 0.00183837, 0.00180084, 0.00176848, 0.00174135,
       0.00171877, 0.00170005, 0.00168495, 0.00167265, 0.00166274,
       0.00165504, 0.00164877, 0.00164384, 0.00164007, 0.00163705,
       0.00163459, 0.00163273, 0.0016314 , 0.00163038, 0.0016295 ,
       0.00162879, 0.00162817, 0.00162764, 0.00162729, 0.00162702,
       0.00162682, 0.00162667, 0.00162656, 0.00162647, 0.0016264 ,
       0.00162635, 0.00162631, 0.00162628, 0.00162625, 0.00162623,
       0.00162622, 0.00162621]), array([0.01202378, 0.00893948, 0.00751052, 0.00681827, 0.00640547,
       0.00610109, 0.00583598, 0.00558609, 0.00535926, 0.00516562,
       0.00499827, 0.00484843, 0.00470577, 0.00456237, 0.0044115 ,
       0.00425596, 0.00409971, 0.00394301, 0.00378703, 0.00364125,
       0.00349982, 0.00336107, 0.00322276, 0.00308131, 0.00293698,
       0.00279334, 0.00265655, 0.00253155, 0.002417  , 0.0023128 ,
       0.00221809, 0.00213311, 0.0020579 , 0.00199153, 0.00193305,
       0.00188236, 0.00183837, 0.00180084, 0.00176848, 0.00174135,
       0.00171877, 0.00170005, 0.00168495, 0.00167265, 0.00166274,
       0.00165504, 0.00164877, 0.00164384, 0.00164007, 0.00163705,
       0.00163459, 0.00163273, 0.0016314 , 0.00163038, 0.0016295 ,
       0.00162879, 0.00162817, 0.00162764, 0.00162729, 0.00162702,
       0.00162682, 0.00162667, 0.00162656, 0.00162647, 0.0016264 ,
       0.00162635, 0.00162631, 0.00162628, 0.00162625, 0.00162623,
       0.00162622, 0.00162621]), array([0.01202378, 0.00893948, 0.00751052, 0.00681827, 0.00640547,
       0.00610109, 0.00583598, 0.00558609, 0.00535926, 0.00516562,
       0.00499827, 0.00484843, 0.00470577, 0.00456237, 0.0044115 ,
       0.00425596, 0.00409971, 0.00394301, 0.00378703, 0.00364125,
       0.00349982, 0.00336107, 0.00322276, 0.00308131, 0.00293698,
       0.00279334, 0.00265655, 0.00253155, 0.002417  , 0.0023128 ,
       0.00221809, 0.00213311, 0.0020579 , 0.00199153, 0.00193305,
       0.00188236, 0.00183837, 0.00180084, 0.00176848, 0.00174135,
       0.00171877, 0.00170005, 0.00168495, 0.00167265, 0.00166274,
       0.00165504, 0.00164877, 0.00164384, 0.00164007, 0.00163705,
       0.00163459, 0.00163273, 0.0016314 , 0.00163038, 0.0016295 ,
       0.00162879, 0.00162817, 0.00162764, 0.00162729, 0.00162702,
       0.00162682, 0.00162667, 0.00162656, 0.00162647, 0.0016264 ,
       0.00162635, 0.00162631, 0.00162628, 0.00162625, 0.00162623,
       0.00162622, 0.00162621]), array([0.01202378, 0.00893948, 0.00751052, 0.00681827, 0.00640547,
       0.00610109, 0.00583598, 0.00558609, 0.00535926, 0.00516562,
       0.00499827, 0.00484843, 0.00470577, 0.00456237, 0.0044115 ,
       0.00425596, 0.00409971, 0.00394301, 0.00378703, 0.00364125,
       0.00349982, 0.00336107, 0.00322276, 0.00308131, 0.00293698,
       0.00279334, 0.00265655, 0.00253155, 0.002417  , 0.0023128 ,
       0.00221809, 0.00213311, 0.0020579 , 0.00199153, 0.00193305,
       0.00188236, 0.00183837, 0.00180084, 0.00176848, 0.00174135,
       0.00171877, 0.00170005, 0.00168495, 0.00167265, 0.00166274,
       0.00165504, 0.00164877, 0.00164384, 0.00164007, 0.00163705,
       0.00163459, 0.00163273, 0.0016314 , 0.00163038, 0.0016295 ,
       0.00162879, 0.00162817, 0.00162764, 0.00162729, 0.00162702,
       0.00162682, 0.00162667, 0.00162656, 0.00162647, 0.0016264 ,
       0.00162635, 0.00162631, 0.00162628, 0.00162625, 0.00162623,
       0.00162622, 0.00162621]), array([0.01202378, 0.0089395 , 0.00751052, 0.00681827, 0.00640547,
       0.00610109, 0.00583598, 0.00558609, 0.00535926, 0.00516562,
       0.00499827, 0.00484843, 0.00470577, 0.00456237, 0.0044115 ,
       0.00425596, 0.00409971, 0.00394301, 0.00378703, 0.00364125,
       0.00349982, 0.00336107, 0.00322276, 0.00308131, 0.00293698,
       0.00279334, 0.00265655, 0.00253155, 0.002417  , 0.0023128 ,
       0.00221809, 0.00213311, 0.0020579 , 0.00199153, 0.00193305,
       0.00188236, 0.00183837, 0.00180084, 0.00176848, 0.00174135,
       0.00171877, 0.00170005, 0.00168495, 0.00167265, 0.00166274,
       0.00165504, 0.00164877, 0.00164384, 0.00164007, 0.00163705,
       0.00163459, 0.00163273, 0.0016314 , 0.00163038, 0.0016295 ,
       0.00162879, 0.00162817, 0.00162764, 0.00162729, 0.00162702,
       0.00162682, 0.00162667, 0.00162656, 0.00162647, 0.0016264 ,
       0.00162635, 0.00162631, 0.00162628, 0.00162625, 0.00162623,
       0.00162622, 0.00162621]), array([0.01202378, 0.0089395 , 0.00751052, 0.00681827, 0.00640547,
       0.00610109, 0.00583598, 0.00558609, 0.00535926, 0.00516562,
       0.00499827, 0.00484843, 0.00470577, 0.00456237, 0.0044115 ,
       0.00425596, 0.00409971, 0.00394301, 0.00378703, 0.00364125,
       0.00349982, 0.00336107, 0.00322276, 0.00308131, 0.00293698,
       0.00279334, 0.00265655, 0.00253155, 0.002417  , 0.0023128 ,
       0.00221809, 0.00213311, 0.0020579 , 0.00199153, 0.00193305,
       0.00188236, 0.00183837, 0.00180084, 0.00176848, 0.00174135,
       0.00171877, 0.00170005, 0.00168495, 0.00167265, 0.00166274,
       0.00165504, 0.00164877, 0.00164384, 0.00164007, 0.00163705,
       0.00163459, 0.00163273, 0.0016314 , 0.00163038, 0.0016295 ,
       0.00162879, 0.00162817, 0.00162764, 0.00162729, 0.00162702,
       0.00162682, 0.00162667, 0.00162656, 0.00162647, 0.0016264 ,
       0.00162635, 0.00162631, 0.00162628, 0.00162625, 0.00162623,
       0.00162622, 0.00162621]), array([0.01202378, 0.00893949, 0.00751052, 0.00681827, 0.00640547,
       0.00610109, 0.00583598, 0.00558609, 0.00535926, 0.00516562,
       0.00499827, 0.00484843, 0.00470577, 0.00456237, 0.0044115 ,
       0.00425596, 0.00409971, 0.00394301, 0.00378703, 0.00364125,
       0.00349982, 0.00336107, 0.00322276, 0.00308131, 0.00293698,
       0.00279334, 0.00265655, 0.00253155, 0.002417  , 0.0023128 ,
       0.00221809, 0.00213311, 0.0020579 , 0.00199153, 0.00193305,
       0.00188236, 0.00183837, 0.00180084, 0.00176848, 0.00174135,
       0.00171877, 0.00170005, 0.00168495, 0.00167265, 0.00166274,
       0.00165504, 0.00164877, 0.00164384, 0.00164007, 0.00163705,
       0.00163459, 0.00163273, 0.0016314 , 0.00163038, 0.0016295 ,
       0.00162879, 0.00162817, 0.00162764, 0.00162729, 0.00162702,
       0.00162682, 0.00162667, 0.00162656, 0.00162647, 0.0016264 ,
       0.00162635, 0.00162631, 0.00162628, 0.00162625, 0.00162623,
       0.00162622, 0.00162621]), array([0.01202378, 0.00893947, 0.00751052, 0.00681827, 0.00640547,
       0.00610109, 0.00583598, 0.00558609, 0.00535926, 0.00516562,
       0.00499827, 0.00484843, 0.00470577, 0.00456237, 0.0044115 ,
       0.00425596, 0.00409971, 0.00394301, 0.00378703, 0.00364125,
       0.00349982, 0.00336107, 0.00322276, 0.00308131, 0.00293698,
       0.00279334, 0.00265655, 0.00253155, 0.002417  , 0.0023128 ,
       0.00221809, 0.00213311, 0.0020579 , 0.00199153, 0.00193305,
       0.00188236, 0.00183837, 0.00180084, 0.00176848, 0.00174135,
       0.00171877, 0.00170005, 0.00168495, 0.00167265, 0.00166274,
       0.00165504, 0.00164877, 0.00164384, 0.00164007, 0.00163705,
       0.00163459, 0.00163273, 0.0016314 , 0.00163038, 0.0016295 ,
       0.00162879, 0.00162817, 0.00162764, 0.00162729, 0.00162702,
       0.00162682, 0.00162667, 0.00162656, 0.00162647, 0.0016264 ,
       0.00162635, 0.00162631, 0.00162628, 0.00162625, 0.00162623,
       0.00162622, 0.00162621]), array([0.01202378, 0.00893946, 0.00751052, 0.00681827, 0.00640547,
       0.00610108, 0.00583598, 0.00558609, 0.00535926, 0.00516562,
       0.00499827, 0.00484843, 0.00470577, 0.00456237, 0.0044115 ,
       0.00425596, 0.00409971, 0.00394301, 0.00378703, 0.00364125,
       0.00349982, 0.00336107, 0.00322276, 0.00308131, 0.00293698,
       0.00279334, 0.00265655, 0.00253155, 0.002417  , 0.0023128 ,
       0.00221809, 0.00213311, 0.0020579 , 0.00199153, 0.00193305,
       0.00188236, 0.00183837, 0.00180084, 0.00176848, 0.00174135,
       0.00171877, 0.00170005, 0.00168495, 0.00167265, 0.00166274,
       0.00165504, 0.00164877, 0.00164384, 0.00164007, 0.00163705,
       0.00163459, 0.00163273, 0.0016314 , 0.00163038, 0.0016295 ,
       0.00162879, 0.00162817, 0.00162764, 0.00162729, 0.00162702,
       0.00162682, 0.00162667, 0.00162656, 0.00162647, 0.0016264 ,
       0.00162635, 0.00162631, 0.00162628, 0.00162625, 0.00162623,
       0.00162622, 0.00162621]), array([0.01202378, 0.00893945, 0.00751052, 0.00681827, 0.00640547,
       0.00610108, 0.00583598, 0.00558609, 0.00535926, 0.00516562,
       0.00499827, 0.00484843, 0.00470577, 0.00456237, 0.0044115 ,
       0.00425596, 0.00409971, 0.00394301, 0.00378703, 0.00364125,
       0.00349982, 0.00336107, 0.00322276, 0.00308131, 0.00293698,
       0.00279334, 0.00265655, 0.00253155, 0.002417  , 0.0023128 ,
       0.00221809, 0.00213311, 0.0020579 , 0.00199153, 0.00193305,
       0.00188236, 0.00183837, 0.00180084, 0.00176848, 0.00174135,
       0.00171877, 0.00170005, 0.00168495, 0.00167265, 0.00166274,
       0.00165504, 0.00164877, 0.00164384, 0.00164007, 0.00163705,
       0.00163459, 0.00163273, 0.0016314 , 0.00163038, 0.0016295 ,
       0.00162879, 0.00162817, 0.00162764, 0.00162729, 0.00162702,
       0.00162682, 0.00162667, 0.00162656, 0.00162647, 0.0016264 ,
       0.00162635, 0.00162631, 0.00162628, 0.00162625, 0.00162623,
       0.00162622, 0.00162621]), array([0.01202378, 0.00893949, 0.00751052, 0.00681827, 0.00640547,
       0.00610109, 0.00583598, 0.00558609, 0.00535926, 0.00516562,
       0.00499827, 0.00484843, 0.00470577, 0.00456237, 0.0044115 ,
       0.00425596, 0.00409971, 0.00394301, 0.00378703, 0.00364125,
       0.00349982, 0.00336107, 0.00322276, 0.00308131, 0.00293698,
       0.00279334, 0.00265655, 0.00253155, 0.002417  , 0.0023128 ,
       0.00221809, 0.00213311, 0.0020579 , 0.00199153, 0.00193305,
       0.00188236, 0.00183837, 0.00180084, 0.00176848, 0.00174135,
       0.00171877, 0.00170005, 0.00168495, 0.00167265, 0.00166274,
       0.00165504, 0.00164877, 0.00164384, 0.00164007, 0.00163705,
       0.00163459, 0.00163273, 0.0016314 , 0.00163038, 0.0016295 ,
       0.00162879, 0.00162817, 0.00162764, 0.00162729, 0.00162702,
       0.00162682, 0.00162667, 0.00162656, 0.00162647, 0.0016264 ,
       0.00162635, 0.00162631, 0.00162628, 0.00162625, 0.00162623,
       0.00162622, 0.00162621]), array([0.01202378, 0.0089395 , 0.00751052, 0.00681827, 0.00640547,
       0.00610109, 0.00583598, 0.00558609, 0.00535926, 0.00516562,
       0.00499827, 0.00484843, 0.00470577, 0.00456237, 0.0044115 ,
       0.00425596, 0.00409971, 0.00394301, 0.00378703, 0.00364125,
       0.00349982, 0.00336107, 0.00322276, 0.00308131, 0.00293698,
       0.00279334, 0.00265655, 0.00253155, 0.002417  , 0.0023128 ,
       0.00221809, 0.00213311, 0.0020579 , 0.00199153, 0.00193305,
       0.00188236, 0.00183837, 0.00180084, 0.00176848, 0.00174135,
       0.00171877, 0.00170005, 0.00168495, 0.00167265, 0.00166274,
       0.00165504, 0.00164877, 0.00164384, 0.00164007, 0.00163705,
       0.00163459, 0.00163273, 0.0016314 , 0.00163038, 0.0016295 ,
       0.00162879, 0.00162817, 0.00162764, 0.00162729, 0.00162702,
       0.00162682, 0.00162667, 0.00162656, 0.00162647, 0.0016264 ,
       0.00162635, 0.00162631, 0.00162628, 0.00162625, 0.00162623,
       0.00162622, 0.00162621]), array([0.01202378, 0.00893948, 0.00751052, 0.00681827, 0.00640547,
       0.00610109, 0.00583598, 0.00558609, 0.00535926, 0.00516562,
       0.00499827, 0.00484843, 0.00470577, 0.00456237, 0.0044115 ,
       0.00425596, 0.00409971, 0.00394301, 0.00378703, 0.00364125,
       0.00349982, 0.00336107, 0.00322276, 0.00308131, 0.00293698,
       0.00279334, 0.00265655, 0.00253155, 0.002417  , 0.0023128 ,
       0.00221809, 0.00213311, 0.0020579 , 0.00199153, 0.00193305,
       0.00188236, 0.00183837, 0.00180084, 0.00176848, 0.00174135,
       0.00171877, 0.00170005, 0.00168495, 0.00167265, 0.00166274,
       0.00165504, 0.00164877, 0.00164384, 0.00164007, 0.00163705,
       0.00163459, 0.00163273, 0.0016314 , 0.00163038, 0.0016295 ,
       0.00162879, 0.00162817, 0.00162764, 0.00162729, 0.00162702,
       0.00162682, 0.00162667, 0.00162656, 0.00162647, 0.0016264 ,
       0.00162635, 0.00162631, 0.00162628, 0.00162625, 0.00162623,
       0.00162622, 0.00162621]), array([0.01202378, 0.00893948, 0.00751052, 0.00681827, 0.00640547,
       0.00610109, 0.00583598, 0.00558609, 0.00535926, 0.00516562,
       0.00499827, 0.00484843, 0.00470577, 0.00456237, 0.0044115 ,
       0.00425596, 0.00409971, 0.00394301, 0.00378703, 0.00364125,
       0.00349982, 0.00336107, 0.00322276, 0.00308131, 0.00293698,
       0.00279334, 0.00265655, 0.00253155, 0.002417  , 0.0023128 ,
       0.00221809, 0.00213311, 0.0020579 , 0.00199153, 0.00193305,
       0.00188236, 0.00183837, 0.00180084, 0.00176848, 0.00174135,
       0.00171877, 0.00170005, 0.00168495, 0.00167265, 0.00166274,
       0.00165504, 0.00164877, 0.00164384, 0.00164007, 0.00163705,
       0.00163459, 0.00163273, 0.0016314 , 0.00163038, 0.0016295 ,
       0.00162879, 0.00162817, 0.00162764, 0.00162729, 0.00162702,
       0.00162682, 0.00162667, 0.00162656, 0.00162647, 0.0016264 ,
       0.00162635, 0.00162631, 0.00162628, 0.00162625, 0.00162623,
       0.00162622, 0.00162621]), array([0.01202378, 0.00893949, 0.00751052, 0.00681827, 0.00640547,
       0.00610109, 0.00583598, 0.00558609, 0.00535926, 0.00516562,
       0.00499827, 0.00484843, 0.00470577, 0.00456237, 0.0044115 ,
       0.00425596, 0.00409971, 0.00394301, 0.00378703, 0.00364125,
       0.00349982, 0.00336107, 0.00322276, 0.00308131, 0.00293698,
       0.00279334, 0.00265655, 0.00253155, 0.002417  , 0.0023128 ,
       0.00221809, 0.00213311, 0.0020579 , 0.00199153, 0.00193305,
       0.00188236, 0.00183837, 0.00180084, 0.00176848, 0.00174135,
       0.00171877, 0.00170005, 0.00168495, 0.00167265, 0.00166274,
       0.00165504, 0.00164877, 0.00164384, 0.00164007, 0.00163705,
       0.00163459, 0.00163273, 0.0016314 , 0.00163038, 0.0016295 ,
       0.00162879, 0.00162817, 0.00162764, 0.00162729, 0.00162702,
       0.00162682, 0.00162667, 0.00162656, 0.00162647, 0.0016264 ,
       0.00162635, 0.00162631, 0.00162628, 0.00162625, 0.00162623,
       0.00162622, 0.00162621]), array([0.01202378, 0.00893949, 0.00751052, 0.00681827, 0.00640547,
       0.00610109, 0.00583598, 0.00558609, 0.00535926, 0.00516562,
       0.00499827, 0.00484843, 0.00470577, 0.00456237, 0.0044115 ,
       0.00425596, 0.00409971, 0.00394301, 0.00378703, 0.00364125,
       0.00349982, 0.00336107, 0.00322276, 0.00308131, 0.00293698,
       0.00279334, 0.00265655, 0.00253155, 0.002417  , 0.0023128 ,
       0.00221809, 0.00213311, 0.0020579 , 0.00199153, 0.00193305,
       0.00188236, 0.00183837, 0.00180084, 0.00176848, 0.00174135,
       0.00171877, 0.00170005, 0.00168495, 0.00167265, 0.00166274,
       0.00165504, 0.00164877, 0.00164384, 0.00164007, 0.00163705,
       0.00163459, 0.00163273, 0.0016314 , 0.00163038, 0.0016295 ,
       0.00162879, 0.00162817, 0.00162764, 0.00162729, 0.00162702,
       0.00162682, 0.00162667, 0.00162656, 0.00162647, 0.0016264 ,
       0.00162635, 0.00162631, 0.00162628, 0.00162625, 0.00162623,
       0.00162622, 0.00162621]), array([0.01202378, 0.00893949, 0.00751052, 0.00681827, 0.00640547,
       0.00610109, 0.00583598, 0.00558609, 0.00535926, 0.00516562,
       0.00499827, 0.00484843, 0.00470577, 0.00456237, 0.0044115 ,
       0.00425596, 0.00409971, 0.00394301, 0.00378703, 0.00364125,
       0.00349982, 0.00336107, 0.00322276, 0.00308131, 0.00293698,
       0.00279334, 0.00265655, 0.00253155, 0.002417  , 0.0023128 ,
       0.00221809, 0.00213311, 0.0020579 , 0.00199153, 0.00193305,
       0.00188236, 0.00183837, 0.00180084, 0.00176848, 0.00174135,
       0.00171877, 0.00170005, 0.00168495, 0.00167265, 0.00166274,
       0.00165504, 0.00164877, 0.00164384, 0.00164007, 0.00163705,
       0.00163459, 0.00163273, 0.0016314 , 0.00163038, 0.0016295 ,
       0.00162879, 0.00162817, 0.00162764, 0.00162729, 0.00162702,
       0.00162682, 0.00162667, 0.00162656, 0.00162647, 0.0016264 ,
       0.00162635, 0.00162631, 0.00162628, 0.00162625, 0.00162623,
       0.00162622, 0.00162621]), array([0.01202378, 0.00893946, 0.00751052, 0.00681827, 0.00640547,
       0.00610109, 0.00583598, 0.00558609, 0.00535926, 0.00516562,
       0.00499827, 0.00484843, 0.00470577, 0.00456237, 0.0044115 ,
       0.00425596, 0.00409971, 0.00394301, 0.00378703, 0.00364125,
       0.00349982, 0.00336107, 0.00322276, 0.00308131, 0.00293698,
       0.00279334, 0.00265655, 0.00253155, 0.002417  , 0.0023128 ,
       0.00221809, 0.00213311, 0.0020579 , 0.00199153, 0.00193305,
       0.00188236, 0.00183837, 0.00180084, 0.00176848, 0.00174135,
       0.00171877, 0.00170005, 0.00168495, 0.00167265, 0.00166274,
       0.00165504, 0.00164877, 0.00164384, 0.00164007, 0.00163705,
       0.00163459, 0.00163273, 0.0016314 , 0.00163038, 0.0016295 ,
       0.00162879, 0.00162817, 0.00162764, 0.00162729, 0.00162702,
       0.00162682, 0.00162667, 0.00162656, 0.00162647, 0.0016264 ,
       0.00162635, 0.00162631, 0.00162628, 0.00162625, 0.00162623,
       0.00162622, 0.00162621]), array([0.01202378, 0.00893951, 0.00751053, 0.00681827, 0.00640547,
       0.00610109, 0.00583598, 0.00558609, 0.00535926, 0.00516562,
       0.00499827, 0.00484843, 0.00470577, 0.00456237, 0.0044115 ,
       0.00425596, 0.00409971, 0.00394301, 0.00378703, 0.00364125,
       0.00349982, 0.00336107, 0.00322276, 0.00308131, 0.00293698,
       0.00279334, 0.00265655, 0.00253155, 0.002417  , 0.0023128 ,
       0.00221809, 0.00213311, 0.0020579 , 0.00199153, 0.00193305,
       0.00188236, 0.00183837, 0.00180084, 0.00176848, 0.00174135,
       0.00171877, 0.00170005, 0.00168495, 0.00167265, 0.00166274,
       0.00165504, 0.00164877, 0.00164384, 0.00164007, 0.00163705,
       0.00163459, 0.00163273, 0.0016314 , 0.00163038, 0.0016295 ,
       0.00162879, 0.00162817, 0.00162764, 0.00162729, 0.00162702,
       0.00162682, 0.00162667, 0.00162656, 0.00162647, 0.0016264 ,
       0.00162635, 0.00162631, 0.00162628, 0.00162625, 0.00162623,
       0.00162622, 0.00162621]), array([0.01202378, 0.00893948, 0.00751052, 0.00681827, 0.00640547,
       0.00610109, 0.00583598, 0.00558609, 0.00535926, 0.00516562,
       0.00499827, 0.00484843, 0.00470577, 0.00456237, 0.0044115 ,
       0.00425596, 0.00409971, 0.00394301, 0.00378703, 0.00364125,
       0.00349982, 0.00336107, 0.00322276, 0.00308131, 0.00293698,
       0.00279334, 0.00265655, 0.00253155, 0.002417  , 0.0023128 ,
       0.00221809, 0.00213311, 0.0020579 , 0.00199153, 0.00193305,
       0.00188236, 0.00183837, 0.00180084, 0.00176848, 0.00174135,
       0.00171877, 0.00170005, 0.00168495, 0.00167265, 0.00166274,
       0.00165504, 0.00164877, 0.00164384, 0.00164007, 0.00163705,
       0.00163459, 0.00163273, 0.0016314 , 0.00163038, 0.0016295 ,
       0.00162879, 0.00162817, 0.00162764, 0.00162729, 0.00162702,
       0.00162682, 0.00162667, 0.00162656, 0.00162647, 0.0016264 ,
       0.00162635, 0.00162631, 0.00162628, 0.00162625, 0.00162623,
       0.00162622, 0.00162621]), array([0.01202378, 0.00893947, 0.00751052, 0.00681827, 0.00640547,
       0.00610109, 0.00583598, 0.00558609, 0.00535926, 0.00516562,
       0.00499827, 0.00484843, 0.00470577, 0.00456237, 0.0044115 ,
       0.00425596, 0.00409971, 0.00394301, 0.00378703, 0.00364125,
       0.00349982, 0.00336107, 0.00322276, 0.00308131, 0.00293698,
       0.00279334, 0.00265655, 0.00253155, 0.002417  , 0.0023128 ,
       0.00221809, 0.00213311, 0.0020579 , 0.00199153, 0.00193305,
       0.00188236, 0.00183837, 0.00180084, 0.00176848, 0.00174135,
       0.00171877, 0.00170005, 0.00168495, 0.00167265, 0.00166274,
       0.00165504, 0.00164877, 0.00164384, 0.00164007, 0.00163705,
       0.00163459, 0.00163273, 0.0016314 , 0.00163038, 0.0016295 ,
       0.00162879, 0.00162817, 0.00162764, 0.00162729, 0.00162702,
       0.00162682, 0.00162667, 0.00162656, 0.00162647, 0.0016264 ,
       0.00162635, 0.00162631, 0.00162628, 0.00162625, 0.00162623,
       0.00162622, 0.00162621]), array([0.01202378, 0.00893949, 0.00751052, 0.00681827, 0.00640547,
       0.00610109, 0.00583598, 0.00558609, 0.00535926, 0.00516562,
       0.00499827, 0.00484843, 0.00470577, 0.00456237, 0.0044115 ,
       0.00425596, 0.00409971, 0.00394301, 0.00378703, 0.00364125,
       0.00349982, 0.00336107, 0.00322276, 0.00308131, 0.00293698,
       0.00279334, 0.00265655, 0.00253155, 0.002417  , 0.0023128 ,
       0.00221809, 0.00213311, 0.0020579 , 0.00199153, 0.00193305,
       0.00188236, 0.00183837, 0.00180084, 0.00176848, 0.00174135,
       0.00171877, 0.00170005, 0.00168495, 0.00167265, 0.00166274,
       0.00165504, 0.00164877, 0.00164384, 0.00164007, 0.00163705,
       0.00163459, 0.00163273, 0.0016314 , 0.00163038, 0.0016295 ,
       0.00162879, 0.00162817, 0.00162764, 0.00162729, 0.00162702,
       0.00162682, 0.00162667, 0.00162656, 0.00162647, 0.0016264 ,
       0.00162635, 0.00162631, 0.00162628, 0.00162625, 0.00162623,
       0.00162622, 0.00162621]), array([0.01202378, 0.00893949, 0.00751052, 0.00681827, 0.00640547,
       0.00610109, 0.00583598, 0.00558609, 0.00535926, 0.00516562,
       0.00499827, 0.00484843, 0.00470577, 0.00456237, 0.0044115 ,
       0.00425596, 0.00409971, 0.00394301, 0.00378703, 0.00364125,
       0.00349982, 0.00336107, 0.00322276, 0.00308131, 0.00293698,
       0.00279334, 0.00265655, 0.00253155, 0.002417  , 0.0023128 ,
       0.00221809, 0.00213311, 0.0020579 , 0.00199153, 0.00193305,
       0.00188236, 0.00183837, 0.00180084, 0.00176848, 0.00174135,
       0.00171877, 0.00170005, 0.00168495, 0.00167265, 0.00166274,
       0.00165504, 0.00164877, 0.00164384, 0.00164007, 0.00163705,
       0.00163459, 0.00163273, 0.0016314 , 0.00163038, 0.0016295 ,
       0.00162879, 0.00162817, 0.00162764, 0.00162729, 0.00162702,
       0.00162682, 0.00162667, 0.00162656, 0.00162647, 0.0016264 ,
       0.00162635, 0.00162631, 0.00162628, 0.00162625, 0.00162623,
       0.00162622, 0.00162621])]

