Ratio: 0.01
Average time: 0.1526767158508301
Average length: 51.48
Average rms: [0.014325055416293633, 0.009973822153341987, 0.00821230746563197, 0.007413812355038821, 0.006918052140912847, 0.006563837754686309, 0.006288743866489113, 0.0060662598356164684, 0.00588719517820533, 0.005732117141473686, 0.005589592682458696, 0.005464490872992467, 0.0053524345118636345, 0.005247732771547998, 0.005143345643814395, 0.005037505453275288, 0.004927689640586021, 0.004824571341154309, 0.004725788982883541, 0.0046311936538469805, 0.004540208939751783, 0.00445768026015955, 0.004383915162149756, 0.004311370347858073, 0.0042427542654641095, 0.004178631897185202, 0.00412382439190186, 0.0040765164095560545, 0.004033944472722596, 0.003993898215487377, 0.003957663092170682, 0.003922172006326583, 0.0038924357714671437, 0.0038659947809664857, 0.0038439815567338415, 0.0038290373524777744, 0.0038149840537363166, 0.003803266998810627, 0.0037933263687666297, 0.0037982471054224163, 0.0037919552325815548, 0.003784150149743395, 0.00381653416648512, 0.003814047450045946, 0.0038315697509582083, 0.0038406500470047344, 0.0038199986634525882, 0.0038486929222798466, 0.0038940671430738316, 0.0038605357201058257, 0.0038723813555268773, 0.0038702446604465856, 0.003868438445736677, 0.003866567665605132, 0.0038650184420072993, 0.003864004369662736, 0.003779525204486961, 0.0038049723921925235, 0.003803764397520404, 0.003801698033139008, 0.0037987401383156394, 0.003794824369577326, 0.0038352092485872476, 0.003831893081780826, 0.0038294692895785034, 0.0038277507298070737, 0.00382678524796881, 0.0038264671045560917, 0.003855543386900073, 0.003855090490054958, 0.0038547957735908358, 0.0038543360146271162, 0.003854103636510211, 0.0038538817510945108, 0.003853451345945088, 0.003852786794325685, 0.003851176810679099, 0.003850586706397617, 0.003545343973101213, 0.0035450689445638253, 0.003544646509943815, 0.003544461052468729, 0.00354440713353455, 0.0035443782625527026, 0.0035443782625527026]

Ratio: 0.1
Average time: 2.228744430541992
Average length: 67.04
Average rms: [0.012614719349096803, 0.009275537539731317, 0.0076954498578979645, 0.006931222073475356, 0.006478226665484021, 0.006126953909819547, 0.0058265026508422515, 0.005571361681163911, 0.005355891610099697, 0.00516871550036124, 0.00500091709627003, 0.0048435621278715086, 0.004688390592337857, 0.004531992375816108, 0.004377294078592207, 0.004225371898845819, 0.004078286100963321, 0.00393825636014766, 0.0038041707184545436, 0.0036759566270414983, 0.003551495815368647, 0.0034251486035930556, 0.0032985054602333325, 0.0031717706294856103, 0.003047226423144417, 0.002929934790247382, 0.002823356100718588, 0.002726415014469144, 0.002638271398727415, 0.0025589492533175024, 0.0024893734180372017, 0.0024286097763946916, 0.0023745685027775658, 0.00232719596988215, 0.0022861000824910428, 0.0022511275713922893, 0.002221892751730316, 0.0021976679343692716, 0.0021774804656986306, 0.002160988360990142, 0.0021480469611982692, 0.0021376363869417617, 0.0021297793983567253, 0.002123513055096544, 0.002118653868912022, 0.0021148910867386217, 0.0021120281564008404, 0.00210970084769581, 0.002107784326659571, 0.002106185510835048, 0.002104946667365054, 0.002103963683401291, 0.00210321120262323, 0.0021026044158658067, 0.0021021217294826078, 0.0021017281431524298, 0.002101411430480785, 0.0021011826917774817, 0.0021000654771060733, 0.002099931503622157, 0.002098637629368733, 0.0020992464407434816, 0.0020991929063184245, 0.0020968970421461793, 0.002099019499747629, 0.0020931364821511604, 0.0020912845494849373, 0.002070801223549048, 0.002039875728561119, 0.002028507223525598, 0.002028484714290267, 0.0020002180660869053, 0.0020034309454612207, 0.0020182686209260564, 0.0020182527260417388, 0.002018241058295814, 0.0020182367522108636]

Ratio: 0.25
Average time: 6.879923639297485
Average length: 70.12
Average rms: [0.012299912964568442, 0.009094198392548603, 0.007603325601830567, 0.006887683956992832, 0.006463912176572044, 0.006134977945806511, 0.0058426883876949495, 0.005582002177713187, 0.005358541361895488, 0.005167660727375098, 0.005000306891566255, 0.004846970575041813, 0.004698917197647163, 0.00454646762037232, 0.004388776225685149, 0.004230012748374808, 0.0040726135173532255, 0.003917183207166111, 0.0037695839132988684, 0.0036271104091055353, 0.0034879788647424444, 0.0033507860973187725, 0.0032126480442405242, 0.0030730603972713277, 0.0029331581412057983, 0.00279843885498414, 0.0026739100202016774, 0.0025610277308471064, 0.0024591258197489392, 0.00236741850434145, 0.002285285911080636, 0.002212936028238864, 0.0021491170319446664, 0.0020928549461557396, 0.0020440296388538354, 0.0020018916884150693, 0.001965976318401749, 0.00193622985590449, 0.001911547316820493, 0.0018912636839993038, 0.0018746097408958299, 0.0018611175232890109, 0.0018503725208919763, 0.0018418115405824172, 0.0018350358930915086, 0.0018296043257977524, 0.0018252644189051587, 0.0018218486216054763, 0.0018192014514615206, 0.0018172182303953699, 0.0018157231258836095, 0.001814563591307025, 0.0018136773464470799, 0.00181300058478564, 0.0018124875868898223, 0.001812091734799934, 0.001811779460846987, 0.0018115377823456843, 0.0018113461002660898, 0.0018112011011709433, 0.0018110888707310213, 0.001811005210541689, 0.0018109419533336567, 0.00181089196567865, 0.0018108513690329273, 0.0018108056310001078, 0.0018107799246540619, 0.001811509405986645, 0.0018129650473185125, 0.0018101120759618213, 0.0018133829497384306, 0.0018013599498805325, 0.0017983535736717246, 0.0018340671416986736, 0.001798752030380985, 0.00179874154049203, 0.0017987331148758869]

Ratio: 0.5
Average time: 12.990099534988403
Average length: 71.92
Average rms: [0.012134358598889193, 0.008996515649191248, 0.007541391422455741, 0.006839268095109866, 0.006423325520649008, 0.006110123926566441, 0.005833021803505905, 0.005576180595881508, 0.005350300378026962, 0.0051587870668751215, 0.0049928764467054056, 0.004842388585582382, 0.0046983025666967925, 0.004550306509344568, 0.004395914474443773, 0.004237612958767778, 0.0040797985851902694, 0.003921526984077145, 0.0037697157284651466, 0.003626715375407594, 0.0034874111205824105, 0.0033502172053560906, 0.0032119065655250387, 0.0030707777102271876, 0.0029281718797955526, 0.002787519265872869, 0.0026561218478557136, 0.002535955948982588, 0.0024266856785085055, 0.0023271104364999814, 0.002237579387968324, 0.0021576112859286963, 0.0020865759596304695, 0.002024324349849811, 0.0019701135773899994, 0.0019230883919006273, 0.0018827891060899718, 0.0018486180445019265, 0.0018195696905337463, 0.0017953274712555853, 0.0017752341794092194, 0.0017588227519289277, 0.0017456139863607646, 0.0017350151058537432, 0.0017264607689929342, 0.0017196409275825185, 0.0017141692976752106, 0.001709874473177886, 0.0017065032333205303, 0.0017038801241276045, 0.0017018421304455286, 0.0017002756482787484, 0.0016990626495874347, 0.0016981131553057483, 0.0016973809285119905, 0.0016968076426236317, 0.0016963600027415095, 0.0016960143144624643, 0.00169575003707642, 0.0016955443911362636, 0.0016953887763224802, 0.0016952700518148396, 0.0016951763718022718, 0.0016951045335300452, 0.0016950484244904888, 0.0016950058077319682, 0.001694972995999748, 0.001694947789253734, 0.0016952235363878318, 0.0016946596008649583, 0.001695618045652038, 0.001693246065823311, 0.0016957289253542614, 0.0016920207752650505, 0.0017100145438909732]

Ratio: 0.75
Average time: 33.07097092628479
Average length: 72.76
Average rms: [0.012064433010644965, 0.00896231277372064, 0.007522124839268601, 0.006825288435858798, 0.006410588636550454, 0.006102991934667948, 0.005833735118340906, 0.005582090640796484, 0.005355808380295122, 0.005162872952212551, 0.004995859822134943, 0.0048447832094625255, 0.004700855043113211, 0.0045549162121754465, 0.00440289301056458, 0.004247172228066225, 0.004091012397220038, 0.003934137705628351, 0.0037802976999449563, 0.003635994540460285, 0.0034954108783764866, 0.003357386467509783, 0.0032192695057990587, 0.003078070533572409, 0.002935275897721841, 0.0027929993078727755, 0.002658253945893095, 0.0025349030120457704, 0.0024219846924116006, 0.0023191554266673293, 0.0022262219588369664, 0.0021431564252986017, 0.002069722467461825, 0.0020050315194904676, 0.0019479616000492752, 0.0018983105023377817, 0.001855414070433376, 0.0018188934065749688, 0.0017876722005988521, 0.001761577296330427, 0.0017398989796154932, 0.0017221691164915145, 0.0017079600490869987, 0.0016963988999849676, 0.0016870657811161934, 0.001679723196046318, 0.0016738056288695452, 0.0016691515088655508, 0.0016655052321049547, 0.001662614179669523, 0.0016603119816658947, 0.0016585660007652095, 0.0016572676122979773, 0.001656259714286343, 0.0016554473123368777, 0.0016547941990065714, 0.0016542620819575402, 0.0016538480369525594, 0.001653538574301249, 0.001653307326997705, 0.0016531316742829242, 0.0016529992861475705, 0.0016528977926019842, 0.0016528180500359393, 0.0016527554774758372, 0.001652704544950116, 0.0016526639176892355, 0.00165263252003898, 0.00165260903832063, 0.0016525912769422548, 0.001652577458144231, 0.001653469173633984, 0.0016516059644718086, 0.0016585065641749152, 0.0016558216727793889]

